1980 0.45 0.53 0.47 0.48 0.45 0.51 0.43 0.25 0.01 -0.10 -0.08 0.03
1981 0.11 0.07 0.01 -0.10 -0.18 -0.30 -0.46 -0.58 -0.54 -0.38 -0.30 -0.38
1982 -0.38 -0.27 -0.14 -0.06 0.08 0.29 0.51 0.68 0.87 1.11 1.28 1.41
1983 1.43 1.32 1.10 0.91 0.69 0.29 -0.36 -0.85 -1.12 -1.18 -1.17 -1.17
1984 -1.11 -1.08 -1.02 -0.96 -0.94 -0.92 -0.76 -0.63 -0.46 -0.57 -0.72 -0.87
1985 -0.98 -1.06 -1.19 -1.19 -1.03 -0.80 -0.62 -0.53 -0.45 -0.41 -0.31 -0.21
1986 -0.14 -0.21 -0.39 -0.55 -0.55 -0.40 -0.20 0.02 0.24 0.50 0.62 0.80
1987 0.98 1.16 1.20 1.12 1.06 1.09 1.17 1.26 1.23 1.17 1.10 0.98
1988 0.83 0.54 0.23 -0.16 -0.54 -0.84 -1.01 -1.05 -1.10 -1.45 -1.92 -2.16
1989 -2.03 -1.72 -1.47 -1.22 -1.01 -0.85 -0.68 -0.57 -0.48 -0.43 -0.42 -0.32
1990 -0.15 0.12 0.28 0.29 0.22 0.10 0.11 0.20 0.28 0.35 0.37 0.51
1991 0.62 0.66 0.53 0.41 0.38 0.49 0.58 0.68 0.73 0.83 0.99 1.29
1992 1.49 1.63 1.55 1.40 1.15 0.82 0.53 0.22 0.08 -0.08 -0.13 -0.05
1993 0.12 0.29 0.35 0.42 0.50 0.56 0.56 0.48 0.48 0.50 0.55 0.49
1994 0.32 0.12 -0.02 -0.01 0.04 0.12 0.19 0.42 0.60 0.85 1.05 1.24
1995 1.24 1.08 0.83 0.58 0.29 0.08 -0.09 -0.25 -0.52 -0.76 -0.96 -1.01
1996 -1.00 -0.93 -0.82 -0.69 -0.56 -0.48 -0.44 -0.41 -0.41 -0.43 -0.49 -0.52
1997 -0.45 -0.30 -0.14 0.10 0.38 0.70 0.95 1.16 1.35 1.49 1.60 1.70
1998 1.78 1.74 1.49 1.00 0.43 -0.23 -0.91 -1.47 -1.69 -1.69 -1.73 -1.90
1999 -1.98 -1.93 -1.70 -1.46 -1.16 -0.98 -0.86 -0.92 -0.98 -1.01 -1.11 -1.30
2000 -1.54 -1.62 -1.53 -1.32 -1.05 -0.82 -0.62 -0.43 -0.33 -0.35 -0.53 -0.73
2001 -0.83 -0.81 -0.71 -0.54 -0.34 -0.11 0.09 0.21 0.28 0.24 0.17 0.06
2002 0.12 0.28 0.45 0.45 0.43 0.55 0.70 0.90 1.03 1.22 1.39 1.47
2003 1.45 1.30 1.12 0.78 0.33 0.03 -0.02 0.08 0.16 0.30 0.44 0.51
2004 0.45 0.38 0.26 0.18 0.18 0.25 0.42 0.60 0.80 0.88 0.87 0.82
2005 0.77 0.72 0.65 0.54 0.42 0.32 0.27 0.18 0.09 0.08 0.01 -0.15
2006 -0.50 -0.75 -0.75 -0.50 -0.18 0.04 0.17 0.35 0.55 0.74 0.93 1.05
2007 0.98 0.73 0.38 0.16 -0.01 -0.05 -0.10 -0.20 -0.50 -0.86 -1.23 -1.46
2008 -1.69 -1.83 -1.78 -1.53 -1.24 -1.01 -0.74 -0.49 -0.39 -0.40 -0.50 -0.66
2009 -0.85 -0.91 -0.75 -0.48 -0.19 0.10 0.36 0.54 0.68 0.84 1.16 1.46
2010 1.68 1.65 1.52 1.20 0.67 0.03 -0.57 -1.04 -1.42 -1.64 -1.72 -1.75
2011 -1.76 -1.62 -1.35 -0.98 -0.72 -0.52 -0.41 -0.47 -0.62 -0.82 -0.89 -0.98
2012 -1.09 -1.15 -1.01 -0.71 -0.42 -0.24 -0.04 0.24 0.42 0.47 0.37 0.24
2013 0.05 -0.11 -0.21 -0.18 -0.14 -0.08 -0.09 -0.14 -0.16 -0.20 -0.10 -0.09
2014 -0.14 -0.21 -0.09 0.18 0.43 0.46 0.35 0.20 0.19 0.33 0.52 0.64
2015 0.71 0.74 0.83 0.97 1.09 1.16 1.23 1.36 1.54 1.72 1.99 2.21
2016 2.33 2.26 1.98 1.51 0.91 0.36 -0.01 -0.30 -0.49 -0.63 -0.67 -0.62
2017 -0.51 -0.35 -0.18 -0.02 0.14 0.28 0.39 0.29 0.05 -0.22 -0.40 -0.60
2018 -0.70 -0.71 -0.57 -0.41 -0.22 -0.03 0.11 0.21 0.31 0.50 0.71 0.89
2019 0.87 0.87 0.88 0.91 0.86 0.83 0.79 0.65 0.44 0.42 0.49 0.64
2020 0.66 0.72 0.74 0.65 0.34 0.04 -0.14 -0.30 -0.45 -0.78 -0.97 -1.18
2021 -1.27 -1.25 -1.05 -0.71 -0.39 -0.19 -0.16 -0.24 -0.41 -0.63 -0.79 -0.90
2022 -0.84 -0.71 -0.68 -0.76 -0.87 -0.79 -0.79 -0.85 -0.95 -1.00 -1.00 -1.00
2023 -0.92 -0.73 -0.45 -0.10 0.20 0.48 0.70 0.98 1.22 1.46 1.65 1.81
