1980 0.45 0.50 0.43 0.43 0.40 0.46 0.38 0.21 -0.03 -0.14 -0.12 -0.00
1981 0.07 0.03 -0.04 -0.16 -0.25 -0.36 -0.51 -0.59 -0.54 -0.38 -0.33 -0.41
1982 -0.40 -0.28 -0.16 -0.08 0.05 0.27 0.48 0.66 0.84 1.08 1.26 1.41
1983 1.44 1.36 1.16 0.93 0.77 0.52 -0.01 -0.49 -0.82 -0.93 -0.98 -1.07
1984 -1.03 -0.99 -0.91 -0.84 -0.84 -0.89 -0.77 -0.65 -0.49 -0.60 -0.74 -0.89
1985 -0.99 -1.08 -1.18 -1.16 -1.01 -0.82 -0.66 -0.57 -0.49 -0.45 -0.35 -0.24
1986 -0.17 -0.24 -0.43 -0.59 -0.59 -0.45 -0.25 -0.03 0.19 0.45 0.60 0.79
1987 0.97 1.13 1.14 1.05 0.98 1.01 1.10 1.22 1.21 1.16 1.10 0.99
1988 0.83 0.54 0.25 -0.09 -0.46 -0.79 -1.01 -1.07 -1.12 -1.45 -1.89 -2.12
1989 -2.01 -1.70 -1.47 -1.25 -1.04 -0.89 -0.71 -0.61 -0.52 -0.47 -0.46 -0.35
1990 -0.18 0.09 0.23 0.23 0.14 0.03 0.06 0.16 0.23 0.30 0.32 0.47
1991 0.59 0.62 0.49 0.38 0.35 0.45 0.53 0.64 0.69 0.79 0.95 1.25
1992 1.46 1.59 1.49 1.34 1.10 0.81 0.54 0.25 0.12 -0.05 -0.08 -0.02
1993 0.14 0.29 0.33 0.41 0.49 0.55 0.55 0.49 0.49 0.50 0.54 0.48
1994 0.32 0.13 0.01 0.02 0.07 0.13 0.20 0.42 0.59 0.84 1.03 1.23
1995 1.21 1.05 0.80 0.55 0.28 0.08 -0.08 -0.24 -0.49 -0.72 -0.93 -0.98
1996 -0.96 -0.89 -0.78 -0.66 -0.55 -0.49 -0.45 -0.41 -0.41 -0.42 -0.47 -0.49
1997 -0.43 -0.31 -0.15 0.10 0.38 0.70 0.92 1.14 1.34 1.50 1.63 1.72
1998 1.78 1.73 1.49 1.05 0.62 0.06 -0.56 -1.18 -1.43 -1.48 -1.56 -1.77
1999 -1.87 -1.83 -1.60 -1.36 -1.10 -0.97 -0.88 -0.95 -0.99 -1.01 -1.10 -1.29
2000 -1.52 -1.60 -1.49 -1.27 -1.00 -0.80 -0.63 -0.46 -0.35 -0.37 -0.55 -0.74
2001 -0.83 -0.79 -0.69 -0.52 -0.35 -0.15 0.04 0.18 0.26 0.23 0.16 0.04
2002 0.09 0.26 0.41 0.41 0.38 0.51 0.66 0.86 1.00 1.18 1.35 1.43
2003 1.41 1.27 1.08 0.74 0.30 0.02 -0.02 0.08 0.15 0.28 0.42 0.49
2004 0.44 0.36 0.25 0.16 0.15 0.21 0.38 0.56 0.77 0.85 0.85 0.83
2005 0.78 0.72 0.63 0.50 0.39 0.30 0.25 0.16 0.08 0.07 -0.01 -0.17
2006 -0.51 -0.71 -0.70 -0.45 -0.17 0.03 0.15 0.32 0.52 0.71 0.91 1.02
2007 0.96 0.70 0.36 0.14 -0.02 -0.07 -0.12 -0.22 -0.52 -0.88 -1.25 -1.47
2008 -1.68 -1.80 -1.73 -1.47 -1.18 -0.99 -0.74 -0.51 -0.42 -0.43 -0.52 -0.67
2009 -0.85 -0.90 -0.74 -0.49 -0.22 0.07 0.33 0.51 0.64 0.83 1.16 1.47
2010 1.65 1.61 1.47 1.15 0.65 0.05 -0.54 -1.00 -1.40 -1.62 -1.71 -1.73
2011 -1.75 -1.61 -1.35 -1.02 -0.78 -0.58 -0.45 -0.50 -0.64 -0.81 -0.89 -0.98
2012 -1.08 -1.09 -0.92 -0.65 -0.43 -0.28 -0.08 0.21 0.39 0.43 0.33 0.20
2013 0.03 -0.12 -0.18 -0.15 -0.11 -0.10 -0.11 -0.17 -0.19 -0.22 -0.13 -0.11
2014 -0.15 -0.22 -0.11 0.14 0.37 0.40 0.30 0.16 0.16 0.30 0.51 0.64
2015 0.71 0.73 0.80 0.93 1.04 1.12 1.20 1.34 1.52 1.71 1.98 2.20
2016 2.31 2.22 1.96 1.56 1.06 0.57 0.16 -0.18 -0.41 -0.56 -0.60 -0.55
2017 -0.45 -0.31 -0.16 -0.01 0.13 0.27 0.37 0.27 0.03 -0.22 -0.41 -0.59
2018 -0.70 -0.70 -0.57 -0.42 -0.25 -0.07 0.07 0.18 0.28 0.49 0.71 0.88
2019 0.86 0.85 0.87 0.88 0.83 0.78 0.77 0.63 0.44 0.41 0.48 0.61
2020 0.63 0.69 0.71 0.61 0.31 0.02 -0.15 -0.30 -0.46 -0.78 -0.97 -1.17
2021 -1.25 -1.22 -0.99 -0.68 -0.41 -0.25 -0.22 -0.27 -0.45 -0.64 -0.81 -0.91
2022 -0.85 -0.73 -0.71 -0.80 -0.91 -0.84 -0.83 -0.88 -0.97 -1.03 -1.03 -1.02
2023 -0.93 -0.74 -0.47 -0.15 0.14 0.41 0.64 0.93 1.18 1.42 1.62 1.77
