1980 0.97 1.01 1.07 1.18 1.44 1.61 1.50 1.09 0.64 0.46 0.47 0.59
1981 0.65 0.70 0.90 1.16 1.24 0.89 0.40 -0.02 -0.04 0.04 0.09 0.00
1982 0.02 0.25 0.66 1.04 1.41 1.49 1.41 1.41 1.59 1.82 1.78 1.50
1983 0.66 -0.45 -1.19 -1.06 -1.04 -1.55 -2.60 -3.51 -4.14 -4.28 -3.61 -2.60
1984 -1.73 -1.54 -1.81 -2.13 -2.47 -2.53 -1.95 -1.07 -0.32 -0.45 -0.65 -0.78
1985 -0.73 -0.62 -0.69 -0.49 -0.12 0.39 0.53 0.49 0.33 0.27 0.20 0.23
1986 0.27 0.34 0.42 0.44 0.57 0.88 1.17 1.31 1.22 1.26 1.27 1.38
1987 1.54 1.61 1.75 1.56 1.49 0.90 0.14 -0.27 -0.30 0.16 0.25 0.28
1988 0.40 0.19 -0.32 -1.25 -1.77 -1.86 -1.51 -1.24 -1.30 -1.85 -2.37 -2.44
1989 -2.09 -1.68 -1.20 -0.61 0.03 0.42 0.59 0.52 0.42 0.24 0.10 0.13
1990 0.34 0.79 1.22 1.49 1.40 1.07 0.89 0.90 1.02 1.06 1.00 0.99
1991 0.99 1.09 1.08 1.13 1.19 1.29 1.31 1.22 1.19 1.21 1.35 1.52
1992 1.71 1.92 1.88 1.32 0.40 -0.43 -0.86 -0.89 -0.74 -0.49 -0.28 -0.00
1993 0.30 0.62 0.87 1.01 0.91 0.27 -0.28 -0.52 -0.13 0.18 0.46 0.45
1994 0.35 0.08 -0.08 -0.12 0.07 0.30 0.50 0.67 0.86 1.13 1.24 1.28
1995 1.31 1.21 0.90 0.29 -0.01 0.04 0.14 -0.17 -0.74 -1.14 -1.24 -1.15
1996 -0.91 -0.73 -0.52 -0.45 -0.19 0.22 0.39 0.35 0.01 -0.07 -0.23 -0.25
1997 -0.14 0.22 0.53 1.05 1.52 2.00 1.86 1.70 1.59 1.73 1.54 0.80
1998 -0.28 -1.14 -1.75 -2.28 -3.23 -4.14 -4.82 -4.96 -4.61 -4.13 -3.61 -3.24
1999 -2.85 -2.71 -2.68 -2.71 -2.33 -1.64 -1.01 -0.87 -1.14 -1.31 -1.43 -1.61
2000 -1.75 -1.63 -1.51 -1.46 -1.36 -0.94 -0.46 -0.10 0.06 0.07 -0.12 -0.39
2001 -0.56 -0.66 -0.60 -0.40 -0.15 0.28 0.69 1.06 1.10 0.86 0.63 0.43
2002 0.52 0.79 1.00 1.10 1.05 1.11 1.23 1.50 1.78 1.94 1.98 1.87
2003 1.68 1.46 1.14 0.59 0.12 0.29 0.68 0.96 0.73 0.62 0.69 0.74
2004 0.70 0.71 0.56 0.56 0.66 0.93 1.38 1.46 1.58 1.38 1.28 1.17
2005 1.12 1.20 1.44 1.38 1.00 0.51 0.14 -0.01 -0.07 0.00 -0.00 -0.11
2006 -0.48 -0.78 -0.95 -0.61 -0.11 0.23 0.39 0.61 0.91 1.18 1.30 1.33
2007 1.02 0.62 0.10 -0.33 -0.76 -0.97 -0.96 -0.76 -0.72 -0.82 -1.17 -1.38
2008 -1.63 -1.77 -1.80 -1.46 -0.97 -0.57 -0.40 -0.48 -0.67 -0.61 -0.50 -0.62
2009 -0.90 -1.02 -0.88 -0.64 -0.31 0.11 0.40 0.65 0.84 1.16 1.42 1.67
2010 1.82 2.01 1.90 1.14 0.01 -1.03 -1.33 -1.63 -1.98 -2.47 -2.50 -2.25
2011 -2.02 -1.67 -1.19 -0.53 -0.17 -0.11 -0.25 -0.53 -0.74 -1.04 -1.05 -1.09
2012 -1.20 -1.35 -1.39 -0.96 -0.53 -0.17 -0.04 0.14 0.37 0.58 0.63 0.56
2013 0.29 0.08 -0.19 -0.38 -0.63 -0.50 -0.03 0.37 0.48 0.33 0.29 0.26
2014 0.12 0.09 0.42 1.02 1.48 1.41 1.01 0.70 0.66 0.84 0.92 0.92
2015 0.90 1.00 1.32 1.82 2.14 2.17 2.07 1.99 2.03 2.08 1.99 1.75
2016 1.44 0.73 -0.03 -0.98 -1.67 -2.28 -2.37 -1.98 -1.45 -1.28 -1.21 -1.00
2017 -0.63 -0.35 -0.36 -0.42 -0.31 -0.11 0.05 -0.08 -0.34 -0.68 -0.90 -0.93
2018 -0.76 -0.54 -0.13 0.33 0.97 1.41 1.61 1.42 1.21 1.11 1.17 1.22
2019 1.20 1.31 1.44 1.34 0.95 0.60 0.45 0.39 0.30 0.44 0.56 0.77
2020 0.88 1.18 1.22 0.80 0.06 -0.30 -0.16 -0.08 -0.32 -0.83 -1.07 -1.28
2021 -1.38 -1.46 -1.16 -0.61 0.18 0.60 0.76 0.40 -0.11 -0.68 -0.84 -0.92
2022 -0.68 -0.38 -0.26 -0.14 0.08 0.60 0.62 0.16 -0.36 -0.64 -0.64 -0.61
2023 -0.52 -0.41 -0.13 0.30 0.55 0.67 0.46 0.61 0.81 1.34 1.61 1.73
