1980 0.46 0.50 0.43 0.43 0.39 0.45 0.36 0.20 -0.03 -0.15 -0.13 -0.01
1981 0.06 0.02 -0.05 -0.17 -0.26 -0.37 -0.52 -0.58 -0.53 -0.38 -0.35 -0.41
1982 -0.40 -0.28 -0.17 -0.08 0.07 0.29 0.49 0.66 0.84 1.08 1.27 1.42
1983 1.45 1.38 1.18 0.94 0.76 0.53 0.04 -0.40 -0.73 -0.86 -0.94 -1.04
1984 -1.00 -0.96 -0.87 -0.81 -0.82 -0.88 -0.77 -0.65 -0.49 -0.60 -0.74 -0.89
1985 -0.99 -1.08 -1.18 -1.16 -1.00 -0.82 -0.67 -0.58 -0.49 -0.45 -0.35 -0.24
1986 -0.17 -0.25 -0.44 -0.59 -0.59 -0.45 -0.26 -0.04 0.19 0.45 0.60 0.80
1987 0.97 1.11 1.12 1.02 0.95 0.98 1.08 1.20 1.20 1.15 1.09 0.98
1988 0.82 0.54 0.25 -0.08 -0.44 -0.77 -1.01 -1.07 -1.12 -1.45 -1.89 -2.12
1989 -2.01 -1.71 -1.47 -1.26 -1.05 -0.89 -0.72 -0.61 -0.53 -0.48 -0.47 -0.36
1990 -0.18 0.09 0.23 0.22 0.13 0.02 0.05 0.15 0.22 0.29 0.31 0.46
1991 0.58 0.62 0.48 0.36 0.34 0.44 0.52 0.63 0.69 0.79 0.94 1.24
1992 1.45 1.58 1.47 1.34 1.10 0.81 0.54 0.25 0.12 -0.05 -0.08 -0.02
1993 0.15 0.29 0.33 0.41 0.51 0.57 0.55 0.49 0.49 0.50 0.53 0.47
1994 0.31 0.13 0.01 0.03 0.08 0.14 0.21 0.42 0.59 0.84 1.04 1.23
1995 1.21 1.04 0.79 0.56 0.29 0.10 -0.07 -0.24 -0.48 -0.72 -0.91 -0.97
1996 -0.94 -0.88 -0.77 -0.65 -0.54 -0.49 -0.45 -0.41 -0.41 -0.43 -0.47 -0.49
1997 -0.43 -0.31 -0.15 0.12 0.40 0.70 0.92 1.13 1.34 1.51 1.65 1.73
1998 1.78 1.71 1.47 1.03 0.63 0.09 -0.51 -1.14 -1.36 -1.43 -1.51 -1.76
1999 -1.86 -1.82 -1.58 -1.34 -1.08 -0.97 -0.88 -0.95 -1.00 -1.02 -1.10 -1.29
2000 -1.52 -1.60 -1.49 -1.26 -1.00 -0.80 -0.64 -0.47 -0.36 -0.38 -0.56 -0.75
2001 -0.84 -0.80 -0.68 -0.52 -0.36 -0.16 0.03 0.18 0.25 0.23 0.16 0.04
2002 0.08 0.25 0.40 0.40 0.37 0.50 0.66 0.86 0.99 1.17 1.34 1.42
2003 1.40 1.26 1.07 0.72 0.28 0.01 -0.03 0.07 0.14 0.28 0.41 0.48
2004 0.44 0.36 0.25 0.15 0.14 0.20 0.37 0.55 0.77 0.84 0.85 0.83
2005 0.79 0.72 0.64 0.50 0.40 0.30 0.25 0.15 0.07 0.06 -0.02 -0.18
2006 -0.51 -0.70 -0.69 -0.43 -0.16 0.03 0.15 0.32 0.51 0.71 0.90 1.02
2007 0.95 0.69 0.35 0.13 -0.04 -0.08 -0.13 -0.22 -0.53 -0.89 -1.27 -1.48
2008 -1.69 -1.80 -1.72 -1.45 -1.17 -0.99 -0.75 -0.52 -0.42 -0.44 -0.53 -0.68
2009 -0.85 -0.90 -0.74 -0.49 -0.21 0.07 0.33 0.50 0.63 0.83 1.15 1.47
2010 1.65 1.60 1.45 1.14 0.64 0.05 -0.54 -1.01 -1.40 -1.63 -1.71 -1.74
2011 -1.75 -1.61 -1.35 -1.02 -0.78 -0.58 -0.46 -0.51 -0.64 -0.80 -0.88 -0.96
2012 -1.08 -1.07 -0.90 -0.64 -0.43 -0.28 -0.08 0.21 0.38 0.42 0.31 0.19
2013 0.03 -0.12 -0.17 -0.14 -0.10 -0.09 -0.12 -0.17 -0.20 -0.23 -0.13 -0.12
2014 -0.16 -0.22 -0.11 0.14 0.35 0.38 0.29 0.15 0.15 0.30 0.51 0.64
2015 0.71 0.72 0.79 0.92 1.03 1.12 1.20 1.34 1.52 1.71 1.98 2.20
2016 2.31 2.20 1.94 1.56 1.06 0.58 0.18 -0.16 -0.40 -0.55 -0.58 -0.53
2017 -0.43 -0.29 -0.15 -0.00 0.12 0.27 0.37 0.27 0.03 -0.22 -0.41 -0.59
2018 -0.70 -0.70 -0.57 -0.41 -0.24 -0.06 0.07 0.17 0.28 0.49 0.71 0.89
2019 0.86 0.86 0.87 0.87 0.82 0.77 0.76 0.62 0.44 0.41 0.48 0.60
2020 0.62 0.68 0.69 0.59 0.29 0.02 -0.15 -0.30 -0.47 -0.79 -0.97 -1.17
2021 -1.25 -1.21 -0.97 -0.65 -0.39 -0.25 -0.23 -0.28 -0.46 -0.65 -0.81 -0.91
2022 -0.85 -0.74 -0.72 -0.81 -0.93 -0.84 -0.83 -0.88 -0.98 -1.04 -1.04 -1.03
2023 -0.93 -0.74 -0.48 -0.16 0.12 0.40 0.63 0.92 1.17 1.40 1.60 1.75
