1980 0.44 0.51 0.44 0.45 0.42 0.48 0.40 0.22 -0.01 -0.12 -0.10 0.01
1981 0.08 0.05 -0.02 -0.14 -0.22 -0.33 -0.49 -0.59 -0.55 -0.39 -0.32 -0.40
1982 -0.39 -0.28 -0.15 -0.08 0.05 0.27 0.49 0.67 0.86 1.09 1.27 1.41
1983 1.44 1.34 1.14 0.93 0.76 0.43 -0.17 -0.67 -0.98 -1.05 -1.07 -1.11
1984 -1.06 -1.04 -0.97 -0.91 -0.89 -0.91 -0.77 -0.65 -0.48 -0.59 -0.74 -0.89
1985 -0.99 -1.07 -1.19 -1.19 -1.04 -0.82 -0.65 -0.56 -0.47 -0.44 -0.34 -0.23
1986 -0.16 -0.23 -0.41 -0.57 -0.58 -0.44 -0.23 -0.01 0.21 0.47 0.60 0.79
1987 0.97 1.14 1.17 1.08 1.02 1.04 1.13 1.24 1.23 1.17 1.11 0.99
1988 0.83 0.54 0.24 -0.13 -0.50 -0.82 -1.01 -1.06 -1.11 -1.45 -1.91 -2.15
1989 -2.02 -1.71 -1.47 -1.24 -1.03 -0.87 -0.70 -0.59 -0.51 -0.45 -0.45 -0.34
1990 -0.17 0.10 0.25 0.25 0.17 0.05 0.07 0.18 0.25 0.32 0.34 0.49
1991 0.60 0.64 0.51 0.39 0.35 0.46 0.55 0.65 0.71 0.81 0.97 1.26
1992 1.47 1.61 1.51 1.37 1.12 0.82 0.54 0.25 0.11 -0.05 -0.09 -0.02
1993 0.14 0.29 0.35 0.41 0.50 0.55 0.56 0.49 0.49 0.51 0.54 0.48
1994 0.31 0.13 -0.00 0.01 0.06 0.12 0.19 0.41 0.59 0.85 1.04 1.23
1995 1.22 1.06 0.81 0.56 0.29 0.08 -0.09 -0.24 -0.50 -0.73 -0.94 -1.00
1996 -0.98 -0.91 -0.80 -0.68 -0.56 -0.49 -0.45 -0.41 -0.41 -0.43 -0.48 -0.50
1997 -0.44 -0.31 -0.14 0.10 0.38 0.70 0.94 1.15 1.35 1.50 1.62 1.72
1998 1.78 1.74 1.51 1.06 0.58 -0.02 -0.68 -1.28 -1.52 -1.56 -1.62 -1.82
1999 -1.91 -1.87 -1.64 -1.40 -1.12 -0.97 -0.87 -0.93 -0.98 -1.01 -1.11 -1.29
2000 -1.53 -1.61 -1.50 -1.28 -1.01 -0.80 -0.63 -0.45 -0.34 -0.36 -0.54 -0.73
2001 -0.83 -0.80 -0.70 -0.53 -0.35 -0.13 0.06 0.20 0.27 0.23 0.16 0.05
2002 0.10 0.27 0.43 0.43 0.41 0.52 0.68 0.88 1.01 1.19 1.37 1.45
2003 1.43 1.28 1.10 0.76 0.32 0.03 -0.02 0.08 0.16 0.29 0.43 0.49
2004 0.45 0.37 0.26 0.17 0.16 0.22 0.39 0.58 0.79 0.86 0.86 0.82
2005 0.77 0.71 0.64 0.51 0.40 0.31 0.26 0.17 0.08 0.08 -0.00 -0.16
2006 -0.50 -0.73 -0.73 -0.48 -0.18 0.03 0.16 0.34 0.53 0.72 0.92 1.03
2007 0.97 0.72 0.38 0.16 -0.01 -0.05 -0.11 -0.21 -0.51 -0.87 -1.24 -1.46
2008 -1.68 -1.81 -1.75 -1.50 -1.21 -1.00 -0.74 -0.50 -0.40 -0.41 -0.51 -0.66
2009 -0.85 -0.90 -0.75 -0.49 -0.21 0.08 0.34 0.52 0.65 0.83 1.16 1.46
2010 1.66 1.63 1.49 1.18 0.66 0.05 -0.56 -1.01 -1.40 -1.63 -1.71 -1.74
2011 -1.76 -1.62 -1.36 -1.01 -0.76 -0.56 -0.44 -0.49 -0.64 -0.82 -0.90 -0.98
2012 -1.09 -1.13 -0.97 -0.69 -0.44 -0.26 -0.06 0.22 0.40 0.45 0.34 0.22
2013 0.04 -0.11 -0.20 -0.17 -0.13 -0.09 -0.10 -0.16 -0.18 -0.22 -0.12 -0.10
2014 -0.15 -0.22 -0.10 0.16 0.40 0.43 0.32 0.17 0.17 0.31 0.51 0.64
2015 0.71 0.73 0.82 0.95 1.06 1.13 1.21 1.35 1.53 1.72 1.99 2.21
2016 2.32 2.24 1.98 1.56 1.02 0.50 0.11 -0.22 -0.44 -0.59 -0.63 -0.58
2017 -0.47 -0.33 -0.17 -0.01 0.14 0.27 0.38 0.28 0.04 -0.22 -0.41 -0.60
2018 -0.70 -0.71 -0.57 -0.42 -0.25 -0.06 0.08 0.19 0.29 0.49 0.71 0.88
2019 0.86 0.86 0.87 0.89 0.85 0.81 0.78 0.64 0.44 0.42 0.49 0.62
2020 0.64 0.70 0.72 0.63 0.32 0.03 -0.15 -0.30 -0.46 -0.78 -0.97 -1.18
2021 -1.26 -1.23 -1.02 -0.70 -0.41 -0.23 -0.20 -0.26 -0.43 -0.64 -0.80 -0.91
2022 -0.84 -0.72 -0.69 -0.78 -0.90 -0.82 -0.82 -0.87 -0.96 -1.01 -1.02 -1.01
2023 -0.92 -0.73 -0.46 -0.12 0.17 0.44 0.66 0.95 1.20 1.44 1.64 1.79
