1980 0.36 -0.35 -0.32 0.47 1.19 1.55 0.83 0.86 1.01 1.10 1.10 1.26
1981 1.07 1.18 1.59 1.92 1.54 0.57 0.17 0.06 0.18 0.43 0.48 0.41
1982 0.43 0.92 1.49 1.83 1.60 1.17 1.01 1.42 2.27 2.55 2.08 0.38
1983 -1.61 -3.01 -3.14 -2.21 -1.45 -1.14 -1.54 -2.27 -3.17 -3.88 -4.11 -3.59
1984 -2.89 -2.46 -2.40 -2.44 -2.38 -2.30 -2.03 -1.92 -1.76 -1.77 -1.07 -0.30
1985 0.30 0.42 0.27 0.60 0.85 1.13 1.15 1.01 0.58 0.15 0.08 0.44
1986 0.65 1.04 1.19 1.03 0.96 0.95 1.11 1.04 0.83 1.00 0.53 1.00
1987 1.01 0.40 -0.61 -1.57 -1.09 -1.14 -1.11 -1.38 -1.56 -1.62 -1.92 -2.20
1988 -2.13 -2.18 -2.13 -2.42 -2.03 -1.55 -0.97 -0.93 -1.37 -1.76 -1.64 -1.04
1989 -0.21 0.25 0.68 0.76 1.03 0.97 0.71 0.23 0.32 0.36 0.72 1.47
1990 2.32 3.34 3.24 2.72 1.18 0.26 0.09 0.34 0.60 0.60 0.84 1.63
1991 1.98 1.74 0.76 0.43 0.59 0.76 0.81 0.84 1.22 1.68 1.74 1.62
1992 1.08 1.00 0.27 -0.44 -0.96 -0.94 -0.66 -0.59 -0.49 -0.55 -0.26 -0.06
1993 0.36 0.22 0.23 0.05 -0.12 -0.70 -1.09 -0.98 -0.66 -0.62 -0.88 -1.20
1994 -1.05 -1.11 -1.08 -1.08 -0.64 -0.25 0.02 0.31 0.64 0.87 0.60 0.24
1995 0.02 -0.25 -0.62 -0.98 -0.77 -0.29 -0.02 -0.14 -0.52 -0.66 -0.68 -0.28
1996 0.03 0.52 0.72 0.51 0.27 0.23 0.27 0.34 0.20 0.44 0.56 0.93
1997 1.70 2.35 2.94 3.43 3.55 3.15 1.73 1.17 1.27 1.65 0.83 -1.21
1998 -3.12 -4.05 -3.89 -3.46 -3.11 -2.83 -2.78 -2.99 -3.39 -3.66 -3.55 -2.86
1999 -2.18 -1.79 -1.74 -1.70 -1.46 -1.11 -0.92 -0.85 -1.00 -1.15 -1.27 -1.06
2000 -0.62 -0.01 -0.00 -0.09 -0.33 -0.24 -0.20 -0.15 0.00 0.05 0.42 0.28
2001 0.37 -0.23 -0.23 -0.17 0.18 0.35 0.64 0.91 1.43 1.31 1.35 1.33
2002 2.07 1.94 1.33 0.27 0.09 0.20 0.71 1.30 2.09 2.81 2.69 2.05
2003 0.88 0.17 -0.46 -0.68 -0.58 0.22 0.66 0.96 0.67 0.34 0.37 0.16
2004 0.58 0.35 0.31 0.38 0.51 0.73 1.13 1.40 1.93 1.48 1.73 1.63
2005 1.46 1.45 1.61 1.46 0.88 0.11 0.02 -0.06 -0.16 -0.25 -0.44 -0.57
2006 -0.59 -0.54 -0.37 -0.15 0.13 0.36 0.59 0.85 0.88 0.86 1.10 0.74
2007 -0.04 -0.95 -1.22 -1.00 -0.92 -0.69 -0.58 -0.69 -0.74 -0.44 -0.04 0.30
2008 0.22 0.36 0.48 0.76 0.84 0.85 0.50 -0.21 -0.94 -1.11 -1.21 -1.18
2009 -0.97 -0.67 -0.35 -0.31 -0.04 0.27 0.37 0.48 0.34 0.72 0.79 0.82
2010 0.12 0.06 -0.44 -0.82 -1.55 -1.55 -1.43 -1.39 -1.37 -1.37 -1.33 -1.38
2011 -1.02 -0.27 0.48 0.83 0.91 0.83 0.71 0.32 -0.08 -0.34 -0.21 -0.19
2012 -0.25 -0.28 -0.24 0.08 0.09 0.21 0.04 -0.27 -0.64 -0.44 -0.22 0.06
2013 0.12 0.41 0.30 -0.13 -0.63 -0.48 -0.24 0.16 0.36 0.83 1.33 1.29
2014 0.85 0.97 1.97 2.62 2.11 0.97 0.59 0.99 1.32 1.40 1.09 0.66
2015 0.31 0.51 1.39 1.96 1.91 1.49 1.58 1.70 1.67 1.40 0.66 -0.07
2016 -0.94 -1.69 -1.99 -2.16 -1.89 -1.62 -1.33 -1.18 -1.16 -1.37 -1.22 -0.93
2017 -0.23 0.06 -0.01 -0.32 -0.43 -0.49 -0.55 -0.67 -0.80 -1.04 -1.03 -0.60
2018 0.06 0.66 1.43 1.87 2.11 1.67 1.62 2.07 2.77 3.14 2.68 2.03
2019 1.42 1.49 1.25 0.68 -0.09 -0.26 0.13 0.40 0.71 0.62 0.21 0.10
2020 0.23 0.67 0.08 -0.62 -1.09 -0.77 -0.30 -0.06 0.05 0.09 0.22 0.06
2021 -0.45 -0.73 -0.31 0.22 0.46 0.11 0.00 0.08 0.01 0.11 0.11 0.27
2022 0.88 1.03 1.06 0.75 0.85 1.13 0.88 0.97 1.11 1.40 1.49 1.61
2023 1.73 1.37 1.06 0.90 0.95 0.89 0.32 -0.16 -0.79 -0.39 0.29 0.24
