1980 0.63 0.74 0.74 0.79 0.87 0.98 0.91 0.62 0.28 0.15 0.18 0.29
1981 0.36 0.35 0.39 0.46 0.52 0.33 -0.02 -0.35 -0.37 -0.23 -0.13 -0.21
1982 -0.20 -0.07 0.18 0.39 0.65 0.79 0.87 0.93 1.12 1.35 1.43 1.39
1983 1.19 0.66 0.11 -0.06 -0.37 -0.96 -1.87 -2.44 -2.67 -2.68 -2.29 -1.82
1984 -1.44 -1.32 -1.41 -1.56 -1.74 -1.64 -1.18 -0.65 -0.28 -0.41 -0.63 -0.81
1985 -0.90 -0.91 -1.00 -0.91 -0.66 -0.29 -0.15 -0.10 -0.13 -0.09 -0.06 -0.00
1986 0.03 0.01 -0.07 -0.12 -0.02 0.21 0.41 0.56 0.65 0.83 0.94 1.06
1987 1.23 1.40 1.52 1.47 1.47 1.27 0.92 0.73 0.64 0.78 0.78 0.77
1988 0.74 0.49 0.06 -0.62 -1.11 -1.31 -1.18 -1.04 -1.11 -1.57 -2.09 -2.31
1989 -2.11 -1.79 -1.41 -0.97 -0.56 -0.30 -0.18 -0.14 -0.14 -0.15 -0.17 -0.10
1990 0.06 0.37 0.63 0.78 0.76 0.56 0.45 0.48 0.58 0.66 0.64 0.70
1991 0.76 0.83 0.79 0.76 0.80 0.91 0.98 0.97 0.97 1.03 1.18 1.41
1992 1.60 1.79 1.83 1.61 0.99 0.26 -0.25 -0.35 -0.32 -0.27 -0.26 -0.07
1993 0.16 0.41 0.56 0.71 0.77 0.59 0.37 0.21 0.31 0.43 0.57 0.54
1994 0.35 0.11 -0.05 -0.09 0.02 0.18 0.35 0.53 0.72 0.98 1.17 1.29
1995 1.30 1.18 0.95 0.58 0.34 0.21 0.12 -0.19 -0.64 -0.95 -1.11 -1.11
1996 -1.01 -0.89 -0.72 -0.59 -0.37 -0.13 -0.07 -0.12 -0.28 -0.33 -0.42 -0.46
1997 -0.38 -0.14 0.11 0.46 0.83 1.17 1.23 1.28 1.40 1.57 1.57 1.38
1998 1.12 0.69 0.18 -0.62 -1.62 -2.67 -3.42 -3.64 -3.39 -3.04 -2.79 -2.70
1999 -2.54 -2.41 -2.29 -2.18 -1.84 -1.37 -0.96 -0.88 -1.02 -1.09 -1.21 -1.40
2000 -1.65 -1.68 -1.60 -1.49 -1.31 -0.96 -0.59 -0.28 -0.15 -0.15 -0.35 -0.60
2001 -0.75 -0.77 -0.65 -0.42 -0.15 0.19 0.44 0.60 0.58 0.46 0.32 0.18
2002 0.25 0.46 0.67 0.74 0.75 0.87 1.00 1.19 1.35 1.52 1.65 1.67
2003 1.60 1.47 1.26 0.83 0.34 0.16 0.26 0.40 0.37 0.42 0.55 0.63
2004 0.56 0.51 0.39 0.39 0.49 0.68 0.89 0.98 1.11 1.12 1.06 0.96
2005 0.89 0.89 0.96 0.92 0.76 0.56 0.38 0.20 0.11 0.10 0.08 -0.09
2006 -0.47 -0.79 -0.88 -0.60 -0.19 0.14 0.35 0.56 0.76 0.93 1.08 1.18
2007 1.05 0.76 0.33 -0.02 -0.32 -0.36 -0.32 -0.25 -0.48 -0.80 -1.20 -1.45
2008 -1.69 -1.87 -1.89 -1.62 -1.21 -0.83 -0.50 -0.31 -0.31 -0.34 -0.43 -0.61
2009 -0.87 -0.97 -0.81 -0.49 -0.14 0.22 0.48 0.67 0.83 1.00 1.26 1.52
2010 1.74 1.84 1.77 1.31 0.56 -0.30 -0.86 -1.31 -1.71 -2.07 -2.11 -1.97
2011 -1.87 -1.67 -1.33 -0.79 -0.44 -0.27 -0.25 -0.43 -0.61 -0.87 -0.89 -0.98
2012 -1.10 -1.26 -1.21 -0.85 -0.43 -0.14 0.12 0.38 0.59 0.61 0.51 0.38
2013 0.15 -0.04 -0.23 -0.29 -0.35 -0.25 -0.04 0.08 0.12 0.02 0.05 0.03
2014 -0.06 -0.11 0.10 0.52 0.87 0.92 0.72 0.49 0.41 0.55 0.69 0.78
2015 0.80 0.88 1.07 1.38 1.58 1.60 1.55 1.56 1.69 1.85 1.99 2.06
2016 2.04 1.76 1.23 0.42 -0.45 -1.16 -1.32 -1.17 -0.95 -0.97 -0.98 -0.85
2017 -0.63 -0.40 -0.30 -0.24 -0.07 0.13 0.35 0.24 -0.02 -0.37 -0.56 -0.71
2018 -0.73 -0.67 -0.43 -0.13 0.29 0.59 0.74 0.69 0.64 0.70 0.86 1.00
2019 1.02 1.06 1.11 1.11 0.95 0.82 0.75 0.65 0.46 0.46 0.55 0.73
2020 0.79 0.92 0.97 0.80 0.37 0.04 -0.07 -0.20 -0.42 -0.83 -1.06 -1.26
2021 -1.37 -1.40 -1.21 -0.75 -0.12 0.26 0.36 0.09 -0.25 -0.64 -0.80 -0.92
2022 -0.79 -0.61 -0.52 -0.47 -0.41 -0.19 -0.22 -0.50 -0.75 -0.86 -0.84 -0.84
2023 -0.76 -0.60 -0.33 0.04 0.32 0.55 0.72 0.99 1.21 1.43 1.64 1.81
