1980 1.19 1.12 1.19 1.33 1.69 1.88 1.70 1.30 0.85 0.72 0.70 0.82
1981 0.85 0.93 1.21 1.55 1.55 1.04 0.49 0.12 0.16 0.23 0.27 0.17
1982 0.21 0.49 0.98 1.43 1.81 1.82 1.70 1.72 1.96 2.20 2.07 1.58
1983 0.31 -1.09 -1.90 -1.52 -1.29 -1.66 -2.70 -3.80 -4.71 -5.03 -4.34 -3.08
1984 -1.95 -1.70 -2.05 -2.42 -2.74 -2.81 -2.27 -1.39 -0.55 -0.64 -0.71 -0.74
1985 -0.56 -0.39 -0.45 -0.20 0.24 0.79 0.91 0.83 0.61 0.46 0.31 0.35
1986 0.46 0.61 0.75 0.75 0.83 1.14 1.51 1.72 1.57 1.56 1.49 1.61
1987 1.76 1.65 1.70 1.24 1.16 0.40 -0.37 -0.79 -0.78 -0.24 -0.16 -0.15
1988 0.05 -0.15 -0.66 -1.70 -2.12 -2.13 -1.65 -1.34 -1.42 -2.02 -2.53 -2.47
1989 -2.01 -1.55 -1.03 -0.40 0.35 0.80 1.00 0.92 0.78 0.55 0.32 0.34
1990 0.56 1.12 1.64 1.91 1.71 1.23 1.02 1.06 1.25 1.31 1.26 1.22
1991 1.21 1.30 1.25 1.28 1.30 1.38 1.36 1.26 1.27 1.35 1.52 1.66
1992 1.85 2.02 1.79 1.06 0.10 -0.59 -0.93 -0.99 -0.85 -0.62 -0.31 0.03
1993 0.43 0.77 1.04 1.11 0.90 0.09 -0.61 -0.83 -0.30 0.07 0.38 0.28
1994 0.20 -0.07 -0.19 -0.20 -0.01 0.20 0.42 0.65 0.92 1.23 1.29 1.27
1995 1.30 1.17 0.79 0.08 -0.23 -0.09 0.04 -0.27 -0.86 -1.22 -1.28 -1.12
1996 -0.84 -0.61 -0.39 -0.32 -0.07 0.36 0.55 0.55 0.18 0.10 -0.10 -0.10
1997 0.06 0.50 0.85 1.46 1.96 2.51 2.26 1.96 1.72 1.81 1.47 0.41
1998 -1.04 -2.05 -2.61 -2.96 -3.71 -4.41 -4.98 -5.18 -4.97 -4.56 -3.98 -3.46
1999 -2.97 -2.79 -2.79 -2.83 -2.43 -1.65 -1.01 -0.87 -1.21 -1.45 -1.61 -1.75
2000 -1.79 -1.54 -1.43 -1.38 -1.32 -0.88 -0.40 -0.06 0.12 0.15 -0.02 -0.32
2001 -0.48 -0.63 -0.59 -0.43 -0.15 0.30 0.84 1.28 1.41 1.09 0.83 0.59
2002 0.72 1.01 1.19 1.19 1.03 1.04 1.22 1.60 2.00 2.22 2.22 2.04
2003 1.71 1.40 0.98 0.39 -0.06 0.26 0.81 1.14 0.84 0.63 0.69 0.70
2004 0.70 0.74 0.64 0.68 0.68 0.93 1.52 1.71 1.90 1.56 1.46 1.33
2005 1.30 1.42 1.74 1.61 1.09 0.39 -0.07 -0.22 -0.24 -0.11 -0.12 -0.19
2006 -0.53 -0.80 -0.96 -0.60 -0.08 0.21 0.31 0.55 0.94 1.27 1.41 1.37
2007 0.94 0.42 -0.16 -0.51 -0.92 -1.15 -1.23 -1.05 -0.90 -0.85 -1.11 -1.27
2008 -1.53 -1.63 -1.64 -1.25 -0.76 -0.36 -0.29 -0.58 -0.97 -0.89 -0.67 -0.69
2009 -0.95 -1.07 -0.96 -0.75 -0.43 0.11 0.43 0.70 0.82 1.22 1.52 1.79
2010 1.86 2.08 1.84 0.94 -0.39 -1.43 -1.61 -1.82 -2.09 -2.60 -2.65 -2.41
2011 -2.14 -1.68 -1.10 -0.40 -0.06 -0.06 -0.29 -0.62 -0.87 -1.17 -1.18 -1.20
2012 -1.29 -1.44 -1.51 -1.03 -0.61 -0.24 -0.21 -0.12 0.06 0.41 0.63 0.65
2013 0.34 0.11 -0.18 -0.41 -0.72 -0.60 -0.07 0.44 0.61 0.49 0.46 0.45
2014 0.25 0.20 0.62 1.34 1.82 1.58 1.07 0.76 0.82 1.02 1.05 0.98
2015 0.92 0.99 1.40 2.01 2.42 2.43 2.30 2.20 2.19 2.20 1.95 1.50
2016 1.00 0.12 -0.64 -1.59 -2.12 -2.58 -2.61 -2.23 -1.71 -1.53 -1.38 -1.12
2017 -0.64 -0.32 -0.37 -0.49 -0.40 -0.24 -0.14 -0.31 -0.54 -0.87 -1.10 -1.09
2018 -0.79 -0.46 0.08 0.62 1.34 1.80 2.00 1.78 1.56 1.45 1.45 1.42
2019 1.30 1.44 1.59 1.38 0.84 0.33 0.19 0.14 0.17 0.38 0.50 0.72
2020 0.86 1.30 1.27 0.68 -0.23 -0.60 -0.28 -0.07 -0.25 -0.80 -1.03 -1.25
2021 -1.37 -1.48 -1.11 -0.48 0.34 0.67 0.81 0.44 -0.09 -0.67 -0.84 -0.90
2022 -0.57 -0.22 -0.08 0.04 0.33 0.99 1.06 0.54 -0.09 -0.44 -0.45 -0.39
2023 -0.30 -0.22 0.02 0.45 0.69 0.78 0.39 0.37 0.48 1.16 1.58 1.72
