1980 -0.31 -0.55 -0.41 0.00 0.32 0.45 0.22 0.36 0.46 0.44 0.37 0.35
1981 0.23 0.25 0.50 0.69 0.64 0.26 0.15 0.09 0.12 0.26 0.23 0.16
1982 0.17 0.35 0.54 0.59 0.53 0.43 0.41 0.51 0.78 0.86 0.64 -0.10
1983 -0.91 -1.45 -1.48 -1.05 -0.58 -0.25 -0.35 -0.60 -0.90 -1.15 -1.24 -1.04
1984 -0.84 -0.78 -0.87 -0.85 -0.76 -0.68 -0.64 -0.65 -0.62 -0.58 -0.25 -0.01
1985 0.09 -0.05 -0.12 0.07 0.28 0.44 0.46 0.32 0.15 0.05 0.10 0.20
1986 0.15 0.29 0.37 0.40 0.43 0.36 0.33 0.14 -0.00 0.05 -0.10 0.02
1987 -0.15 -0.40 -0.69 -0.86 -0.65 -0.61 -0.53 -0.58 -0.61 -0.65 -0.74 -0.85
1988 -0.91 -1.01 -1.07 -1.09 -0.82 -0.53 -0.24 -0.24 -0.42 -0.65 -0.61 -0.53
1989 -0.18 -0.02 0.17 0.14 0.21 0.27 0.23 0.06 0.08 0.04 0.22 0.53
1990 0.68 0.90 0.63 0.56 0.10 0.03 0.11 0.23 0.30 0.25 0.36 0.72
1991 0.70 0.44 -0.02 0.06 0.30 0.40 0.40 0.37 0.47 0.50 0.41 0.19
1992 -0.07 -0.18 -0.41 -0.56 -0.54 -0.36 -0.12 -0.05 0.07 0.05 0.17 0.09
1993 0.07 -0.12 -0.11 -0.14 -0.23 -0.44 -0.51 -0.35 -0.18 -0.18 -0.34 -0.48
1994 -0.42 -0.46 -0.46 -0.46 -0.29 -0.13 -0.00 0.12 0.31 0.34 0.14 -0.08
1995 -0.10 -0.10 -0.29 -0.44 -0.35 -0.06 0.08 0.10 -0.07 -0.16 -0.17 -0.01
1996 0.19 0.37 0.46 0.30 0.13 0.03 -0.04 -0.06 -0.10 0.04 0.13 0.39
1997 1.00 1.25 1.66 1.63 1.48 0.87 0.16 0.08 0.17 0.28 -0.02 -0.72
1998 -1.28 -1.58 -1.47 -1.30 -1.08 -0.87 -0.79 -0.81 -0.93 -1.03 -1.08 -0.84
1999 -0.57 -0.38 -0.42 -0.53 -0.55 -0.48 -0.43 -0.39 -0.42 -0.45 -0.46 -0.24
2000 0.07 0.38 0.23 0.09 -0.11 -0.16 -0.27 -0.35 -0.30 -0.24 -0.03 0.03
2001 0.08 -0.18 -0.22 -0.26 -0.13 -0.13 -0.01 0.02 0.17 0.11 0.24 0.47
2002 0.74 0.47 0.08 -0.24 -0.09 -0.03 0.15 0.33 0.60 0.87 0.72 0.44
2003 -0.11 -0.32 -0.56 -0.53 -0.38 0.06 0.24 0.41 0.25 0.08 0.06 -0.02
2004 0.30 0.13 0.16 0.15 0.22 0.33 0.44 0.58 0.65 0.45 0.48 0.44
2005 0.31 0.51 0.68 0.70 0.39 0.14 0.16 0.17 0.13 0.11 0.07 0.03
2006 0.10 0.15 0.28 0.27 0.34 0.37 0.47 0.51 0.52 0.57 0.55 0.26
2007 -0.14 -0.43 -0.43 -0.31 -0.20 -0.10 -0.07 -0.14 -0.12 -0.01 0.19 0.41
2008 0.57 0.78 0.87 0.84 0.66 0.44 0.11 -0.29 -0.60 -0.62 -0.61 -0.49
2009 -0.22 -0.05 0.04 -0.09 -0.07 0.01 0.01 0.07 0.06 0.23 0.18 0.07
2010 -0.33 -0.37 -0.57 -0.58 -0.72 -0.54 -0.38 -0.33 -0.33 -0.34 -0.21 -0.12
2011 0.20 0.57 0.88 0.87 0.70 0.46 0.29 0.10 -0.05 -0.06 0.13 0.32
2012 0.50 0.63 0.57 0.50 0.18 0.05 -0.20 -0.32 -0.37 -0.21 -0.15 -0.06
2013 0.03 0.22 0.07 -0.21 -0.45 -0.34 -0.25 -0.13 -0.09 0.16 0.41 0.35
2014 0.32 0.64 1.38 1.45 0.91 0.18 0.07 0.26 0.37 0.38 0.19 0.05
2015 -0.07 0.15 0.60 0.75 0.70 0.45 0.55 0.56 0.60 0.53 0.21 -0.09
2016 -0.53 -0.76 -0.83 -0.74 -0.55 -0.34 -0.15 -0.01 0.06 0.02 0.07 0.12
2017 0.27 0.35 0.27 0.17 0.03 0.01 -0.05 -0.11 -0.22 -0.32 -0.27 0.02
2018 0.21 0.54 0.82 1.09 1.01 0.72 0.66 0.93 1.19 1.28 0.93 0.55
2019 0.37 0.37 0.29 -0.02 -0.23 -0.17 0.07 0.25 0.45 0.36 0.17 0.01
2020 -0.01 -0.00 -0.23 -0.34 -0.29 -0.03 0.13 0.20 0.22 0.31 0.49 0.52
2021 0.25 0.01 0.03 0.17 0.19 -0.00 -0.10 -0.15 -0.23 -0.08 0.03 0.42
2022 0.92 0.96 0.82 0.57 0.62 0.65 0.36 0.39 0.63 1.01 1.24 1.25
2023 1.18 0.83 0.62 0.42 0.40 0.23 -0.05 -0.21 -0.38 -0.26 -0.19 -0.40
