1980 1.37 0.98 1.05 1.34 1.85 2.02 1.60 1.41 1.19 1.23 1.16 1.32
1981 1.24 1.34 1.73 2.11 1.84 1.00 0.43 0.24 0.42 0.55 0.59 0.49
1982 0.52 0.93 1.57 2.07 2.28 2.04 1.86 2.06 2.66 2.93 2.60 1.45
1983 -0.56 -2.31 -2.99 -2.17 -1.57 -1.60 -2.41 -3.64 -4.93 -5.68 -5.34 -3.98
1984 -2.61 -2.11 -2.45 -2.82 -3.04 -3.05 -2.62 -2.15 -1.47 -1.47 -0.99 -0.65
1985 -0.16 0.10 0.07 0.41 0.88 1.39 1.45 1.36 1.01 0.61 0.30 0.45
1986 0.73 1.10 1.27 1.16 1.12 1.41 1.84 2.10 1.88 1.93 1.65 1.94
1987 2.05 1.40 0.92 -0.13 0.04 -0.63 -1.07 -1.50 -1.61 -1.22 -1.25 -1.33
1988 -1.04 -1.18 -1.48 -2.48 -2.55 -2.28 -1.59 -1.28 -1.59 -2.23 -2.67 -2.30
1989 -1.66 -1.05 -0.50 0.11 0.89 1.23 1.24 1.15 1.13 1.07 0.73 0.86
1990 1.20 2.00 2.51 2.58 1.82 0.96 0.72 0.85 1.31 1.50 1.63 1.69
1991 1.74 1.79 1.53 1.37 1.31 1.30 1.22 1.13 1.39 1.71 2.02 2.09
1992 2.21 2.20 1.45 0.30 -0.61 -0.83 -0.85 -0.93 -0.90 -0.85 -0.44 0.00
1993 0.67 1.03 1.26 1.14 0.69 -0.26 -1.02 -1.11 -0.50 -0.18 -0.02 -0.29
1994 -0.29 -0.49 -0.55 -0.59 -0.40 -0.17 0.16 0.55 0.97 1.37 1.39 1.22
1995 1.12 0.81 0.27 -0.54 -0.68 -0.36 -0.13 -0.38 -0.94 -1.23 -1.27 -0.84
1996 -0.49 -0.10 0.13 0.17 0.19 0.42 0.54 0.67 0.44 0.46 0.23 0.29
1997 0.64 1.29 1.77 2.45 3.08 3.63 2.98 2.30 1.83 1.94 1.30 -0.42
1998 -2.43 -3.67 -4.01 -3.99 -4.18 -4.33 -4.62 -4.93 -5.13 -5.01 -4.46 -3.68
1999 -2.96 -2.68 -2.73 -2.67 -2.25 -1.42 -0.92 -0.76 -1.15 -1.44 -1.69 -1.74
2000 -1.61 -1.11 -1.00 -0.87 -0.91 -0.49 -0.24 -0.00 0.18 0.29 0.23 -0.07
2001 -0.16 -0.48 -0.46 -0.32 0.02 0.41 0.95 1.49 1.89 1.67 1.43 1.09
2002 1.32 1.56 1.59 1.19 0.73 0.63 0.97 1.68 2.39 2.90 2.84 2.52
2003 1.77 1.19 0.46 -0.13 -0.47 0.11 0.80 1.18 0.89 0.54 0.62 0.54
2004 0.71 0.70 0.70 0.81 0.78 0.90 1.59 1.94 2.40 1.84 1.85 1.68
2005 1.69 1.78 2.16 1.87 1.13 0.13 -0.33 -0.45 -0.46 -0.35 -0.44 -0.50
2006 -0.69 -0.77 -0.79 -0.40 -0.01 0.22 0.28 0.60 0.94 1.19 1.46 1.31
2007 0.60 -0.26 -0.87 -0.90 -1.11 -1.16 -1.27 -1.32 -1.19 -0.96 -0.88 -0.88
2008 -1.11 -1.06 -0.99 -0.56 -0.13 0.19 0.06 -0.60 -1.36 -1.40 -1.15 -1.00
2009 -1.12 -1.16 -1.00 -0.78 -0.37 0.29 0.60 0.82 0.72 1.15 1.50 1.84
2010 1.63 1.75 1.17 0.18 -1.25 -1.97 -2.00 -2.08 -2.19 -2.56 -2.63 -2.53
2011 -2.21 -1.53 -0.76 -0.07 0.17 0.12 -0.06 -0.43 -0.77 -1.15 -1.16 -1.25
2012 -1.33 -1.44 -1.43 -0.91 -0.50 -0.10 -0.14 -0.38 -0.53 -0.17 0.33 0.60
2013 0.32 0.10 -0.16 -0.43 -0.85 -0.80 -0.38 0.23 0.53 0.65 0.85 0.87
2014 0.51 0.44 1.06 2.00 2.28 1.58 0.95 0.80 1.13 1.28 1.17 0.93
2015 0.75 0.85 1.53 2.35 2.76 2.61 2.47 2.40 2.26 2.11 1.54 0.80
2016 -0.06 -1.14 -1.74 -2.37 -2.50 -2.57 -2.45 -2.27 -1.98 -1.95 -1.67 -1.30
2017 -0.63 -0.23 -0.29 -0.49 -0.49 -0.55 -0.61 -0.76 -0.86 -1.11 -1.35 -1.23
2018 -0.73 -0.14 0.65 1.26 1.97 2.26 2.40 2.36 2.37 2.40 2.19 1.88
2019 1.48 1.64 1.70 1.27 0.45 -0.12 -0.03 0.02 0.17 0.33 0.25 0.41
2020 0.65 1.33 1.03 0.09 -0.95 -1.13 -0.55 -0.19 -0.20 -0.63 -0.82 -1.06
2021 -1.31 -1.44 -0.89 -0.11 0.61 0.61 0.59 0.35 -0.05 -0.48 -0.67 -0.70
2022 -0.20 0.24 0.44 0.47 0.78 1.49 1.50 1.11 0.54 0.22 0.16 0.29
2023 0.44 0.42 0.53 0.86 1.08 1.14 0.57 0.12 -0.20 0.52 1.29 1.58
