1980 0.55 0.66 0.64 0.68 0.70 0.79 0.71 0.48 0.17 0.06 0.09 0.20
1981 0.27 0.24 0.24 0.24 0.24 0.08 -0.21 -0.46 -0.45 -0.29 -0.19 -0.26
1982 -0.27 -0.15 0.05 0.20 0.41 0.57 0.71 0.82 1.01 1.24 1.35 1.38
1983 1.32 1.01 0.57 0.38 0.00 -0.53 -1.37 -1.86 -2.05 -2.06 -1.82 -1.56
1984 -1.33 -1.23 -1.26 -1.32 -1.38 -1.23 -0.88 -0.55 -0.33 -0.45 -0.65 -0.82
1985 -0.93 -0.98 -1.08 -1.02 -0.81 -0.50 -0.34 -0.28 -0.25 -0.21 -0.14 -0.07
1986 -0.02 -0.07 -0.20 -0.29 -0.22 -0.03 0.16 0.33 0.48 0.71 0.83 0.96
1987 1.13 1.31 1.40 1.35 1.33 1.27 1.14 1.07 0.98 0.99 0.94 0.87
1988 0.79 0.53 0.16 -0.41 -0.85 -1.10 -1.08 -1.03 -1.09 -1.50 -2.01 -2.25
1989 -2.09 -1.78 -1.44 -1.07 -0.75 -0.54 -0.41 -0.33 -0.29 -0.25 -0.26 -0.17
1990 -0.01 0.26 0.48 0.58 0.55 0.39 0.31 0.36 0.45 0.54 0.54 0.63
1991 0.71 0.76 0.69 0.62 0.64 0.76 0.84 0.87 0.88 0.96 1.12 1.38
1992 1.58 1.75 1.75 1.58 1.12 0.55 0.12 -0.08 -0.14 -0.22 -0.25 -0.08
1993 0.13 0.36 0.47 0.58 0.65 0.58 0.46 0.34 0.39 0.48 0.58 0.53
1994 0.32 0.09 -0.06 -0.08 -0.01 0.12 0.25 0.46 0.66 0.92 1.14 1.31
1995 1.32 1.17 0.93 0.62 0.36 0.17 0.03 -0.24 -0.63 -0.91 -1.08 -1.10
1996 -1.03 -0.94 -0.79 -0.65 -0.45 -0.28 -0.23 -0.28 -0.36 -0.39 -0.47 -0.51
1997 -0.43 -0.22 -0.01 0.30 0.62 0.94 1.07 1.20 1.37 1.52 1.57 1.52
1998 1.43 1.17 0.73 -0.01 -0.90 -1.86 -2.60 -2.93 -2.82 -2.59 -2.46 -2.45
1999 -2.39 -2.27 -2.09 -1.93 -1.60 -1.24 -0.93 -0.89 -0.99 -1.05 -1.17 -1.37
2000 -1.62 -1.68 -1.61 -1.49 -1.28 -0.96 -0.63 -0.35 -0.23 -0.23 -0.42 -0.65
2001 -0.80 -0.80 -0.69 -0.48 -0.22 0.06 0.28 0.41 0.43 0.35 0.24 0.12
2002 0.19 0.38 0.57 0.61 0.61 0.73 0.88 1.06 1.21 1.40 1.56 1.60
2003 1.55 1.42 1.23 0.84 0.37 0.10 0.12 0.23 0.27 0.36 0.50 0.58
2004 0.51 0.45 0.33 0.31 0.37 0.51 0.68 0.82 0.99 1.03 0.98 0.89
2005 0.83 0.81 0.82 0.76 0.63 0.48 0.35 0.20 0.10 0.09 0.06 -0.10
2006 -0.48 -0.79 -0.85 -0.59 -0.22 0.07 0.25 0.47 0.68 0.86 1.03 1.13
2007 1.03 0.77 0.37 0.06 -0.16 -0.17 -0.16 -0.18 -0.47 -0.81 -1.21 -1.46
2008 -1.70 -1.87 -1.87 -1.62 -1.26 -0.91 -0.59 -0.35 -0.32 -0.35 -0.45 -0.63
2009 -0.87 -0.96 -0.80 -0.47 -0.13 0.21 0.48 0.65 0.80 0.94 1.22 1.49
2010 1.73 1.78 1.69 1.30 0.65 -0.15 -0.76 -1.22 -1.60 -1.88 -1.95 -1.88
2011 -1.83 -1.66 -1.34 -0.87 -0.53 -0.33 -0.26 -0.39 -0.57 -0.83 -0.88 -0.96
2012 -1.09 -1.23 -1.13 -0.78 -0.39 -0.14 0.09 0.35 0.55 0.57 0.47 0.33
2013 0.11 -0.08 -0.24 -0.26 -0.27 -0.18 -0.06 -0.02 -0.00 -0.07 -0.02 -0.03
2014 -0.10 -0.16 0.01 0.37 0.69 0.74 0.58 0.39 0.33 0.46 0.62 0.72
2015 0.76 0.82 0.97 1.22 1.38 1.42 1.40 1.46 1.61 1.80 2.00 2.15
2016 2.20 2.06 1.62 0.90 0.06 -0.62 -0.84 -0.86 -0.79 -0.88 -0.90 -0.80
2017 -0.62 -0.40 -0.25 -0.14 0.05 0.22 0.40 0.29 0.04 -0.29 -0.48 -0.67
2018 -0.72 -0.70 -0.50 -0.25 0.07 0.31 0.45 0.45 0.48 0.60 0.79 0.95
2019 0.96 0.98 1.00 1.02 0.91 0.83 0.78 0.68 0.47 0.45 0.53 0.70
2020 0.75 0.84 0.88 0.76 0.40 0.07 -0.09 -0.26 -0.45 -0.81 -1.04 -1.25
2021 -1.35 -1.37 -1.19 -0.77 -0.22 0.10 0.16 -0.05 -0.31 -0.63 -0.79 -0.91
2022 -0.82 -0.66 -0.60 -0.59 -0.60 -0.46 -0.49 -0.68 -0.83 -0.90 -0.89 -0.89
2023 -0.82 -0.65 -0.38 -0.03 0.27 0.54 0.76 1.02 1.23 1.43 1.65 1.82
