1980 -0.36 -0.68 -0.54 -0.06 0.33 0.51 0.22 0.39 0.49 0.48 0.40 0.43
1981 0.30 0.34 0.62 0.85 0.74 0.23 0.06 0.01 0.06 0.23 0.22 0.14
1982 0.14 0.38 0.63 0.73 0.63 0.49 0.47 0.68 1.09 1.19 0.91 -0.10
1983 -1.17 -1.90 -1.92 -1.38 -0.85 -0.51 -0.66 -0.97 -1.37 -1.71 -1.83 -1.60
1984 -1.35 -1.25 -1.30 -1.27 -1.17 -1.08 -0.98 -0.97 -0.94 -0.92 -0.51 -0.17
1985 0.02 -0.10 -0.18 0.06 0.30 0.51 0.55 0.40 0.15 -0.03 0.00 0.17
1986 0.16 0.35 0.42 0.41 0.45 0.41 0.41 0.22 0.06 0.15 -0.07 0.12
1987 -0.06 -0.38 -0.82 -1.11 -0.85 -0.84 -0.78 -0.87 -0.91 -0.95 -1.08 -1.23
1988 -1.28 -1.38 -1.40 -1.44 -1.13 -0.80 -0.45 -0.44 -0.66 -0.93 -0.81 -0.61
1989 -0.07 0.16 0.39 0.26 0.29 0.29 0.21 -0.05 -0.01 -0.05 0.18 0.65
1990 0.94 1.37 1.07 0.91 0.20 0.01 0.04 0.18 0.27 0.22 0.32 0.81
1991 0.84 0.59 -0.03 0.02 0.29 0.43 0.41 0.37 0.50 0.60 0.53 0.30
1992 -0.03 -0.14 -0.45 -0.65 -0.69 -0.53 -0.29 -0.21 -0.06 -0.05 0.10 0.03
1993 0.06 -0.16 -0.17 -0.19 -0.23 -0.46 -0.58 -0.42 -0.21 -0.20 -0.40 -0.59
1994 -0.51 -0.56 -0.54 -0.54 -0.32 -0.12 0.03 0.19 0.43 0.50 0.27 0.01
1995 -0.06 -0.11 -0.34 -0.54 -0.40 -0.04 0.14 0.13 -0.08 -0.21 -0.23 -0.03
1996 0.21 0.46 0.60 0.43 0.24 0.14 0.09 0.06 -0.01 0.14 0.24 0.53
1997 1.20 1.54 2.01 2.06 1.93 1.31 0.43 0.27 0.38 0.55 0.14 -0.85
1998 -1.70 -2.15 -2.01 -1.76 -1.48 -1.23 -1.14 -1.19 -1.36 -1.48 -1.53 -1.21
1999 -0.85 -0.58 -0.59 -0.69 -0.67 -0.56 -0.48 -0.44 -0.49 -0.55 -0.59 -0.34
2000 0.02 0.44 0.30 0.17 -0.07 -0.08 -0.17 -0.23 -0.17 -0.13 0.11 0.14
2001 0.22 -0.10 -0.13 -0.16 0.02 0.07 0.21 0.25 0.43 0.32 0.43 0.64
2002 1.04 0.77 0.31 -0.14 0.01 0.09 0.32 0.55 0.93 1.30 1.16 0.78
2003 0.08 -0.25 -0.59 -0.59 -0.44 0.10 0.33 0.55 0.36 0.15 0.12 0.03
2004 0.40 0.21 0.24 0.24 0.32 0.46 0.62 0.79 0.91 0.63 0.67 0.64
2005 0.51 0.72 0.90 0.91 0.54 0.18 0.18 0.17 0.13 0.10 0.04 -0.02
2006 0.04 0.09 0.24 0.26 0.37 0.42 0.57 0.66 0.67 0.69 0.70 0.37
2007 -0.09 -0.51 -0.55 -0.41 -0.30 -0.17 -0.14 -0.23 -0.23 -0.08 0.20 0.48
2008 0.64 0.86 0.98 0.99 0.79 0.57 0.22 -0.24 -0.64 -0.67 -0.69 -0.60
2009 -0.33 -0.12 0.02 -0.08 -0.01 0.12 0.11 0.18 0.16 0.40 0.35 0.24
2010 -0.28 -0.34 -0.60 -0.65 -0.89 -0.72 -0.56 -0.53 -0.51 -0.50 -0.33 -0.25
2011 0.10 0.55 0.97 1.01 0.88 0.64 0.46 0.21 -0.01 -0.05 0.17 0.38
2012 0.53 0.64 0.59 0.57 0.26 0.15 -0.09 -0.24 -0.37 -0.23 -0.16 -0.04
2013 0.08 0.30 0.16 -0.18 -0.48 -0.35 -0.23 -0.05 0.01 0.33 0.68 0.65
2014 0.56 0.85 1.71 1.87 1.27 0.34 0.17 0.45 0.61 0.63 0.41 0.22
2015 0.05 0.27 0.82 1.04 0.95 0.65 0.76 0.80 0.86 0.78 0.38 -0.02
2016 -0.58 -0.93 -1.07 -1.03 -0.81 -0.57 -0.35 -0.20 -0.13 -0.19 -0.11 -0.03
2017 0.22 0.33 0.24 0.10 -0.03 -0.06 -0.13 -0.21 -0.34 -0.47 -0.41 -0.06
2018 0.25 0.65 1.03 1.33 1.28 0.94 0.88 1.20 1.55 1.69 1.32 0.88
2019 0.63 0.64 0.52 0.14 -0.17 -0.16 0.11 0.33 0.57 0.48 0.24 0.07
2020 0.08 0.15 -0.18 -0.41 -0.44 -0.16 0.06 0.16 0.19 0.31 0.53 0.54
2021 0.17 -0.12 -0.04 0.17 0.23 0.02 -0.09 -0.11 -0.18 0.02 0.17 0.56
2022 1.09 1.11 0.96 0.64 0.67 0.72 0.43 0.52 0.81 1.22 1.44 1.46
2023 1.41 1.00 0.70 0.50 0.53 0.43 0.08 -0.16 -0.43 -0.27 -0.07 -0.26
