1980 -0.30 -0.47 -0.33 0.03 0.29 0.39 0.20 0.31 0.38 0.36 0.30 0.26
1981 0.17 0.18 0.39 0.54 0.52 0.25 0.17 0.11 0.10 0.20 0.17 0.11
1982 0.12 0.27 0.40 0.43 0.41 0.33 0.29 0.31 0.48 0.53 0.38 -0.16
1983 -0.74 -1.13 -1.17 -0.81 -0.40 -0.09 -0.17 -0.36 -0.59 -0.78 -0.84 -0.67
1984 -0.50 -0.46 -0.57 -0.54 -0.47 -0.42 -0.43 -0.45 -0.41 -0.36 -0.11 0.06
1985 0.12 -0.03 -0.09 0.06 0.23 0.35 0.35 0.24 0.12 0.07 0.10 0.15
1986 0.09 0.20 0.26 0.30 0.32 0.26 0.23 0.06 -0.06 -0.05 -0.16 -0.09
1987 -0.25 -0.42 -0.60 -0.68 -0.50 -0.44 -0.36 -0.38 -0.40 -0.44 -0.51 -0.60
1988 -0.67 -0.77 -0.85 -0.85 -0.63 -0.38 -0.14 -0.14 -0.29 -0.48 -0.49 -0.48
1989 -0.28 -0.17 0.01 0.05 0.14 0.22 0.21 0.10 0.12 0.08 0.21 0.43
1990 0.50 0.60 0.36 0.33 0.01 0.02 0.10 0.20 0.25 0.21 0.32 0.62
1991 0.58 0.34 -0.03 0.04 0.26 0.34 0.35 0.33 0.41 0.39 0.30 0.11
1992 -0.09 -0.20 -0.37 -0.47 -0.40 -0.23 0.00 0.08 0.17 0.13 0.22 0.14
1993 0.12 -0.03 -0.01 -0.06 -0.19 -0.39 -0.42 -0.26 -0.13 -0.14 -0.28 -0.36
1994 -0.31 -0.34 -0.35 -0.36 -0.24 -0.11 0.01 0.11 0.25 0.24 0.07 -0.10
1995 -0.08 -0.06 -0.21 -0.33 -0.28 -0.06 0.05 0.07 -0.06 -0.11 -0.11 0.04
1996 0.19 0.32 0.36 0.21 0.08 -0.02 -0.09 -0.11 -0.13 -0.02 0.07 0.32
1997 0.87 1.07 1.41 1.32 1.15 0.58 0.02 -0.02 0.07 0.15 -0.09 -0.58
1998 -0.95 -1.14 -1.05 -0.92 -0.75 -0.58 -0.53 -0.54 -0.62 -0.69 -0.73 -0.55
1999 -0.36 -0.23 -0.29 -0.41 -0.44 -0.40 -0.38 -0.34 -0.35 -0.35 -0.35 -0.18
2000 0.09 0.29 0.17 0.01 -0.14 -0.19 -0.29 -0.37 -0.32 -0.26 -0.10 -0.06
2001 -0.05 -0.25 -0.28 -0.31 -0.21 -0.23 -0.13 -0.09 0.03 0.00 0.14 0.37
2002 0.55 0.31 -0.01 -0.25 -0.13 -0.08 0.08 0.23 0.41 0.61 0.46 0.23
2003 -0.21 -0.34 -0.50 -0.44 -0.31 0.06 0.21 0.34 0.20 0.06 0.03 -0.04
2004 0.22 0.08 0.12 0.10 0.16 0.25 0.34 0.45 0.49 0.36 0.38 0.35
2005 0.24 0.42 0.57 0.59 0.34 0.15 0.17 0.18 0.15 0.12 0.10 0.08
2006 0.15 0.19 0.30 0.27 0.32 0.32 0.39 0.41 0.43 0.49 0.47 0.21
2007 -0.12 -0.35 -0.32 -0.21 -0.11 -0.03 -0.02 -0.08 -0.05 0.04 0.18 0.35
2008 0.49 0.67 0.73 0.69 0.52 0.31 0.02 -0.31 -0.56 -0.56 -0.52 -0.39
2009 -0.17 -0.04 0.02 -0.09 -0.09 -0.03 -0.03 0.04 0.03 0.14 0.10 0.01
2010 -0.30 -0.33 -0.48 -0.46 -0.55 -0.39 -0.25 -0.20 -0.20 -0.23 -0.14 -0.07
2011 0.22 0.51 0.74 0.68 0.50 0.30 0.14 0.02 -0.07 -0.06 0.08 0.24
2012 0.42 0.55 0.49 0.40 0.11 -0.01 -0.23 -0.33 -0.34 -0.17 -0.11 -0.04
2013 0.02 0.17 0.02 -0.22 -0.42 -0.33 -0.27 -0.18 -0.15 0.04 0.23 0.15
2014 0.13 0.43 1.05 1.08 0.63 0.06 -0.01 0.11 0.19 0.20 0.07 -0.04
2015 -0.12 0.08 0.45 0.57 0.53 0.34 0.41 0.39 0.43 0.36 0.11 -0.13
2016 -0.45 -0.60 -0.62 -0.52 -0.35 -0.17 -0.01 0.11 0.18 0.15 0.18 0.21
2017 0.30 0.36 0.28 0.21 0.09 0.08 0.02 -0.03 -0.13 -0.20 -0.14 0.09
2018 0.22 0.46 0.68 0.93 0.84 0.59 0.53 0.75 0.95 1.02 0.72 0.41
2019 0.25 0.25 0.18 -0.06 -0.21 -0.14 0.05 0.21 0.36 0.28 0.13 -0.01
2020 -0.05 -0.06 -0.22 -0.27 -0.18 0.04 0.18 0.23 0.25 0.31 0.45 0.47
2021 0.27 0.09 0.09 0.19 0.18 0.01 -0.09 -0.15 -0.24 -0.15 -0.08 0.27
2022 0.73 0.79 0.68 0.48 0.54 0.56 0.30 0.28 0.47 0.80 1.04 1.06
2023 1.01 0.72 0.58 0.39 0.32 0.13 -0.10 -0.20 -0.32 -0.23 -0.22 -0.42
