1980 0.93 0.22 0.21 0.83 1.51 1.85 1.16 1.15 1.22 1.36 1.37 1.53
1981 1.35 1.44 1.85 2.21 1.79 0.79 0.29 0.17 0.34 0.60 0.69 0.60
1982 0.59 1.08 1.76 2.18 2.03 1.55 1.33 1.72 2.64 2.96 2.53 0.83
1983 -1.34 -2.96 -3.26 -2.27 -1.51 -1.27 -1.79 -2.73 -3.84 -4.66 -4.79 -3.98
1984 -2.99 -2.46 -2.51 -2.67 -2.70 -2.64 -2.30 -2.11 -1.83 -1.83 -1.10 -0.36
1985 0.26 0.47 0.38 0.75 1.06 1.39 1.42 1.30 0.88 0.40 0.23 0.53
1986 0.78 1.20 1.34 1.20 1.13 1.24 1.49 1.54 1.33 1.51 1.05 1.51
1987 1.54 0.82 -0.20 -1.33 -0.86 -1.05 -1.11 -1.46 -1.67 -1.66 -1.94 -2.20
1988 -2.03 -2.06 -2.04 -2.54 -2.27 -1.80 -1.16 -1.05 -1.51 -1.98 -2.03 -1.44
1989 -0.66 -0.11 0.40 0.72 1.17 1.20 0.95 0.54 0.60 0.68 0.86 1.45
1990 2.18 3.18 3.28 2.90 1.48 0.46 0.21 0.44 0.81 0.93 1.24 1.83
1991 2.17 2.00 1.25 0.86 0.90 0.96 0.98 0.99 1.41 1.93 2.18 2.14
1992 1.83 1.68 0.81 -0.25 -0.96 -0.99 -0.75 -0.70 -0.65 -0.70 -0.37 -0.03
1993 0.59 0.68 0.72 0.45 0.06 -0.69 -1.21 -1.16 -0.76 -0.71 -0.88 -1.18
1994 -1.01 -1.08 -1.09 -1.10 -0.69 -0.29 0.03 0.40 0.77 1.11 0.91 0.57
1995 0.28 -0.09 -0.51 -0.98 -0.81 -0.36 -0.09 -0.26 -0.70 -0.87 -0.91 -0.41
1996 -0.07 0.44 0.58 0.43 0.23 0.24 0.28 0.41 0.27 0.46 0.45 0.75
1997 1.45 2.17 2.76 3.37 3.72 3.56 2.24 1.55 1.55 1.98 1.11 -1.09
1998 -3.28 -4.35 -4.28 -3.89 -3.63 -3.42 -3.42 -3.68 -4.09 -4.32 -4.06 -3.29
1999 -2.54 -2.18 -2.16 -2.07 -1.78 -1.29 -1.03 -0.90 -1.10 -1.31 -1.51 -1.39
2000 -1.02 -0.40 -0.35 -0.33 -0.49 -0.28 -0.21 -0.15 0.01 0.07 0.34 0.17
2001 0.21 -0.35 -0.36 -0.24 0.12 0.33 0.67 1.08 1.64 1.55 1.52 1.39
2002 2.00 1.96 1.45 0.39 0.05 0.12 0.71 1.45 2.31 3.07 2.93 2.37
2003 1.25 0.51 -0.24 -0.59 -0.57 0.24 0.77 1.08 0.78 0.41 0.46 0.23
2004 0.59 0.39 0.37 0.47 0.59 0.78 1.28 1.58 2.19 1.71 1.97 1.82
2005 1.65 1.61 1.81 1.58 0.91 0.05 -0.10 -0.19 -0.29 -0.36 -0.57 -0.71
2006 -0.78 -0.73 -0.58 -0.26 0.05 0.30 0.50 0.78 0.86 0.87 1.18 0.91
2007 0.08 -0.90 -1.29 -1.07 -1.03 -0.85 -0.79 -0.92 -0.94 -0.66 -0.33 -0.07
2008 -0.21 -0.07 0.01 0.37 0.59 0.73 0.42 -0.34 -1.17 -1.34 -1.36 -1.26
2009 -1.13 -0.90 -0.60 -0.48 -0.15 0.27 0.43 0.55 0.36 0.77 0.96 1.15
2010 0.56 0.53 -0.07 -0.65 -1.62 -1.79 -1.70 -1.68 -1.69 -1.81 -1.84 -1.88
2011 -1.54 -0.75 0.06 0.54 0.68 0.65 0.56 0.16 -0.27 -0.61 -0.55 -0.59
2012 -0.68 -0.76 -0.68 -0.26 -0.09 0.14 0.01 -0.34 -0.73 -0.53 -0.18 0.16
2013 0.14 0.32 0.18 -0.21 -0.72 -0.59 -0.29 0.20 0.45 0.83 1.27 1.24
2014 0.79 0.83 1.75 2.57 2.29 1.23 0.74 1.02 1.38 1.45 1.13 0.69
2015 0.35 0.54 1.45 2.15 2.22 1.84 1.87 1.95 1.87 1.59 0.84 0.06
2016 -0.86 -1.74 -2.11 -2.39 -2.21 -2.00 -1.73 -1.59 -1.55 -1.74 -1.55 -1.18
2017 -0.41 -0.06 -0.10 -0.39 -0.48 -0.58 -0.65 -0.80 -0.92 -1.17 -1.23 -0.88
2018 -0.24 0.41 1.24 1.77 2.18 1.91 1.91 2.26 2.82 3.12 2.70 2.12
2019 1.50 1.63 1.44 0.87 0.00 -0.28 0.09 0.34 0.58 0.52 0.12 0.09
2020 0.27 0.87 0.32 -0.51 -1.18 -0.96 -0.42 -0.13 -0.03 -0.12 -0.09 -0.31
2021 -0.78 -1.00 -0.47 0.20 0.57 0.26 0.14 0.17 0.03 -0.03 -0.14 -0.07
2022 0.54 0.84 0.95 0.73 0.89 1.30 1.12 1.08 1.00 1.09 1.10 1.25
2023 1.41 1.17 0.98 0.96 1.05 1.01 0.42 -0.12 -0.77 -0.25 0.54 0.66
