1980 -0.11 -0.69 -0.60 0.16 0.79 1.11 0.51 0.60 0.75 0.79 0.75 0.89
1981 0.72 0.83 1.20 1.50 1.22 0.37 0.07 -0.01 0.07 0.28 0.29 0.21
1982 0.23 0.63 1.08 1.35 1.16 0.85 0.75 1.13 1.84 2.06 1.62 0.09
1983 -1.62 -2.79 -2.83 -2.01 -1.31 -0.97 -1.28 -1.84 -2.54 -3.11 -3.32 -2.97
1984 -2.49 -2.19 -2.12 -2.10 -2.00 -1.92 -1.71 -1.66 -1.58 -1.58 -0.97 -0.31
1985 0.19 0.20 0.04 0.33 0.59 0.87 0.90 0.76 0.36 -0.01 -0.05 0.32
1986 0.46 0.80 0.89 0.75 0.71 0.67 0.78 0.65 0.45 0.60 0.19 0.59
1987 0.54 0.04 -0.81 -1.54 -1.13 -1.14 -1.09 -1.29 -1.41 -1.47 -1.73 -1.99
1988 -1.98 -2.05 -2.00 -2.16 -1.75 -1.32 -0.82 -0.80 -1.18 -1.50 -1.30 -0.77
1989 0.05 0.41 0.74 0.65 0.78 0.69 0.46 0.01 0.10 0.11 0.49 1.25
1990 2.02 2.96 2.70 2.20 0.80 0.10 0.02 0.23 0.42 0.37 0.52 1.33
1991 1.58 1.36 0.36 0.17 0.40 0.61 0.63 0.62 0.93 1.26 1.19 1.03
1992 0.50 0.48 -0.08 -0.54 -0.87 -0.82 -0.54 -0.47 -0.34 -0.38 -0.14 -0.06
1993 0.16 -0.07 -0.09 -0.15 -0.19 -0.59 -0.87 -0.74 -0.48 -0.44 -0.69 -0.99
1994 -0.87 -0.92 -0.85 -0.86 -0.49 -0.19 0.05 0.27 0.60 0.76 0.49 0.14
1995 -0.03 -0.21 -0.55 -0.85 -0.66 -0.18 0.07 0.00 -0.35 -0.50 -0.50 -0.19
1996 0.11 0.51 0.73 0.53 0.30 0.24 0.26 0.27 0.14 0.36 0.51 0.86
1997 1.63 2.18 2.74 3.03 2.98 2.44 1.19 0.83 0.93 1.21 0.54 -1.11
1998 -2.64 -3.43 -3.26 -2.86 -2.50 -2.22 -2.15 -2.30 -2.62 -2.84 -2.83 -2.28
1999 -1.72 -1.35 -1.30 -1.30 -1.13 -0.87 -0.72 -0.67 -0.78 -0.89 -0.97 -0.74
2000 -0.31 0.22 0.19 0.07 -0.17 -0.13 -0.13 -0.13 -0.01 0.02 0.37 0.27
2001 0.37 -0.16 -0.15 -0.14 0.17 0.30 0.53 0.69 1.10 0.97 1.04 1.09
2002 1.77 1.58 0.99 0.09 0.08 0.22 0.65 1.08 1.74 2.35 2.23 1.61
2003 0.55 -0.05 -0.58 -0.70 -0.59 0.14 0.53 0.82 0.58 0.31 0.32 0.15
2004 0.56 0.33 0.33 0.37 0.49 0.68 0.97 1.20 1.56 1.15 1.32 1.27
2005 1.11 1.20 1.40 1.34 0.83 0.17 0.12 0.06 -0.03 -0.09 -0.24 -0.34
2006 -0.32 -0.27 -0.10 0.03 0.24 0.41 0.63 0.83 0.86 0.84 0.97 0.59
2007 -0.09 -0.80 -0.97 -0.78 -0.68 -0.47 -0.39 -0.49 -0.54 -0.27 0.14 0.49
2008 0.49 0.66 0.80 0.99 0.93 0.81 0.44 -0.18 -0.77 -0.90 -1.00 -0.99
2009 -0.74 -0.46 -0.18 -0.19 0.01 0.26 0.30 0.39 0.33 0.66 0.67 0.58
2010 -0.10 -0.17 -0.57 -0.79 -1.33 -1.24 -1.11 -1.08 -1.04 -1.00 -0.88 -0.90
2011 -0.54 0.12 0.78 1.00 1.01 0.87 0.74 0.38 0.03 -0.14 0.03 0.13
2012 0.15 0.17 0.19 0.37 0.23 0.25 0.04 -0.21 -0.49 -0.32 -0.17 0.03
2013 0.12 0.41 0.31 -0.12 -0.56 -0.39 -0.21 0.09 0.24 0.71 1.20 1.16
2014 0.83 1.01 2.01 2.47 1.87 0.73 0.43 0.84 1.12 1.19 0.92 0.56
2015 0.26 0.45 1.24 1.68 1.58 1.19 1.30 1.41 1.44 1.25 0.61 -0.03
2016 -0.83 -1.46 -1.71 -1.78 -1.50 -1.22 -0.95 -0.80 -0.76 -0.91 -0.79 -0.60
2017 -0.06 0.14 0.06 -0.20 -0.31 -0.34 -0.39 -0.51 -0.65 -0.86 -0.81 -0.36
2018 0.21 0.76 1.38 1.76 1.85 1.42 1.35 1.81 2.44 2.77 2.32 1.68
2019 1.18 1.21 1.01 0.51 -0.10 -0.18 0.16 0.42 0.73 0.64 0.29 0.13
2020 0.22 0.49 -0.03 -0.59 -0.87 -0.54 -0.16 0.01 0.11 0.22 0.41 0.31
2021 -0.18 -0.50 -0.22 0.17 0.32 0.02 -0.08 -0.02 -0.06 0.15 0.25 0.50
2022 1.07 1.13 1.08 0.73 0.78 0.95 0.67 0.83 1.10 1.48 1.64 1.72
2023 1.78 1.31 0.92 0.70 0.78 0.75 0.26 -0.14 -0.67 -0.37 0.15 0.02
