1980 0.78 0.87 0.90 0.98 1.14 1.28 1.21 0.85 0.44 0.28 0.31 0.43
1981 0.49 0.51 0.62 0.78 0.89 0.65 0.22 -0.18 -0.22 -0.11 -0.04 -0.12
1982 -0.10 0.07 0.39 0.69 1.01 1.13 1.13 1.15 1.32 1.54 1.57 1.43
1983 0.97 0.16 -0.49 -0.54 -0.71 -1.30 -2.30 -3.03 -3.41 -3.45 -2.90 -2.17
1984 -1.57 -1.41 -1.59 -1.83 -2.12 -2.12 -1.57 -0.83 -0.25 -0.38 -0.62 -0.79
1985 -0.83 -0.79 -0.87 -0.72 -0.42 0.02 0.16 0.17 0.08 0.08 0.07 0.11
1986 0.13 0.14 0.14 0.14 0.27 0.55 0.78 0.91 0.91 1.02 1.09 1.20
1987 1.36 1.51 1.67 1.59 1.58 1.19 0.60 0.27 0.20 0.51 0.56 0.59
1988 0.63 0.41 -0.09 -0.89 -1.42 -1.55 -1.31 -1.10 -1.16 -1.68 -2.20 -2.37
1989 -2.11 -1.76 -1.33 -0.81 -0.28 0.04 0.18 0.16 0.11 0.02 -0.05 -0.00
1990 0.18 0.55 0.88 1.09 1.06 0.82 0.66 0.68 0.78 0.84 0.79 0.82
1991 0.85 0.94 0.92 0.95 1.01 1.12 1.17 1.11 1.08 1.12 1.25 1.46
1992 1.64 1.84 1.88 1.52 0.72 -0.12 -0.62 -0.67 -0.56 -0.38 -0.27 -0.04
1993 0.21 0.50 0.69 0.86 0.86 0.48 0.14 -0.04 0.20 0.39 0.58 0.55
1994 0.38 0.11 -0.05 -0.10 0.05 0.25 0.45 0.62 0.81 1.06 1.21 1.28
1995 1.29 1.20 0.94 0.46 0.21 0.17 0.21 -0.12 -0.66 -1.05 -1.19 -1.14
1996 -0.98 -0.82 -0.64 -0.54 -0.31 0.03 0.14 0.10 -0.16 -0.22 -0.34 -0.37
1997 -0.28 0.01 0.29 0.72 1.14 1.53 1.47 1.42 1.45 1.64 1.55 1.11
1998 0.49 -0.14 -0.71 -1.41 -2.43 -3.48 -4.25 -4.43 -4.08 -3.62 -3.21 -2.98
1999 -2.70 -2.57 -2.51 -2.48 -2.13 -1.52 -1.00 -0.88 -1.09 -1.19 -1.30 -1.49
2000 -1.70 -1.67 -1.57 -1.49 -1.36 -0.98 -0.56 -0.21 -0.06 -0.05 -0.24 -0.50
2001 -0.67 -0.72 -0.63 -0.40 -0.14 0.24 0.55 0.81 0.81 0.64 0.45 0.28
2002 0.36 0.60 0.82 0.92 0.92 1.02 1.14 1.34 1.55 1.71 1.79 1.75
2003 1.65 1.49 1.25 0.75 0.27 0.23 0.47 0.66 0.53 0.50 0.61 0.68
2004 0.63 0.60 0.46 0.47 0.59 0.82 1.12 1.19 1.31 1.24 1.15 1.05
2005 0.99 1.03 1.17 1.14 0.88 0.58 0.30 0.13 0.04 0.07 0.06 -0.09
2006 -0.47 -0.78 -0.91 -0.61 -0.16 0.20 0.41 0.62 0.85 1.04 1.17 1.25
2007 1.05 0.72 0.25 -0.16 -0.55 -0.67 -0.63 -0.47 -0.58 -0.81 -1.19 -1.42
2008 -1.67 -1.84 -1.87 -1.57 -1.11 -0.72 -0.45 -0.36 -0.42 -0.42 -0.44 -0.60
2009 -0.87 -0.99 -0.83 -0.54 -0.21 0.16 0.43 0.64 0.84 1.07 1.33 1.57
2010 1.77 1.91 1.85 1.25 0.33 -0.63 -1.07 -1.47 -1.85 -2.28 -2.30 -2.10
2011 -1.93 -1.67 -1.27 -0.68 -0.31 -0.19 -0.24 -0.47 -0.65 -0.92 -0.93 -1.00
2012 -1.13 -1.29 -1.29 -0.91 -0.47 -0.14 0.10 0.33 0.54 0.62 0.56 0.46
2013 0.21 0.01 -0.21 -0.33 -0.49 -0.37 -0.03 0.22 0.30 0.16 0.16 0.13
2014 0.03 -0.02 0.25 0.74 1.15 1.17 0.88 0.61 0.52 0.68 0.79 0.85
2015 0.85 0.94 1.20 1.59 1.83 1.86 1.78 1.75 1.83 1.94 1.98 1.92
2016 1.77 1.29 0.63 -0.26 -1.07 -1.76 -1.88 -1.59 -1.18 -1.11 -1.09 -0.92
2017 -0.64 -0.38 -0.33 -0.34 -0.20 0.01 0.22 0.11 -0.16 -0.50 -0.71 -0.80
2018 -0.73 -0.61 -0.30 0.07 0.59 0.97 1.15 1.03 0.89 0.87 0.98 1.09
2019 1.10 1.17 1.26 1.22 0.96 0.76 0.64 0.57 0.40 0.46 0.56 0.76
2020 0.84 1.04 1.09 0.82 0.25 -0.09 -0.10 -0.14 -0.38 -0.84 -1.08 -1.28
2021 -1.37 -1.43 -1.19 -0.70 0.02 0.45 0.59 0.27 -0.17 -0.65 -0.81 -0.92
2022 -0.75 -0.51 -0.41 -0.31 -0.17 0.19 0.17 -0.21 -0.59 -0.77 -0.76 -0.74
2023 -0.66 -0.53 -0.25 0.15 0.41 0.59 0.60 0.83 1.05 1.39 1.63 1.77
