1980 0.47 0.55 0.50 0.52 0.49 0.56 0.48 0.30 0.04 -0.06 -0.04 0.07
1981 0.14 0.11 0.06 -0.03 -0.10 -0.23 -0.41 -0.56 -0.52 -0.36 -0.27 -0.35
1982 -0.35 -0.25 -0.10 -0.02 0.14 0.33 0.54 0.71 0.90 1.13 1.30 1.40
1983 1.42 1.28 1.01 0.84 0.54 0.10 -0.63 -1.10 -1.33 -1.37 -1.31 -1.26
1984 -1.17 -1.12 -1.08 -1.04 -1.01 -0.95 -0.76 -0.60 -0.43 -0.54 -0.70 -0.86
1985 -0.97 -1.05 -1.17 -1.17 -1.00 -0.75 -0.57 -0.48 -0.41 -0.36 -0.27 -0.17
1986 -0.11 -0.18 -0.35 -0.50 -0.49 -0.34 -0.13 0.08 0.29 0.54 0.67 0.83
1987 1.01 1.20 1.24 1.17 1.12 1.15 1.21 1.27 1.22 1.15 1.07 0.96
1988 0.82 0.55 0.22 -0.21 -0.59 -0.88 -1.02 -1.04 -1.08 -1.46 -1.94 -2.18
1989 -2.05 -1.74 -1.46 -1.20 -0.96 -0.79 -0.64 -0.53 -0.45 -0.39 -0.38 -0.28
1990 -0.12 0.14 0.32 0.35 0.29 0.16 0.15 0.23 0.31 0.39 0.41 0.54
1991 0.64 0.68 0.56 0.45 0.43 0.54 0.63 0.72 0.76 0.86 1.02 1.32
1992 1.52 1.67 1.60 1.45 1.17 0.81 0.48 0.18 0.03 -0.12 -0.18 -0.07
1993 0.11 0.30 0.37 0.44 0.52 0.56 0.54 0.45 0.45 0.49 0.56 0.50
1994 0.31 0.10 -0.04 -0.03 0.03 0.12 0.20 0.43 0.61 0.86 1.07 1.26
1995 1.26 1.11 0.86 0.59 0.31 0.09 -0.08 -0.26 -0.55 -0.79 -0.98 -1.03
1996 -1.01 -0.95 -0.83 -0.70 -0.55 -0.45 -0.41 -0.39 -0.41 -0.43 -0.50 -0.52
1997 -0.45 -0.29 -0.12 0.13 0.41 0.73 0.97 1.17 1.35 1.48 1.58 1.67
1998 1.74 1.69 1.40 0.83 0.15 -0.59 -1.28 -1.78 -1.93 -1.90 -1.91 -2.05
1999 -2.10 -2.03 -1.80 -1.57 -1.25 -1.03 -0.86 -0.91 -0.97 -1.01 -1.13 -1.31
2000 -1.55 -1.64 -1.56 -1.39 -1.13 -0.86 -0.63 -0.42 -0.31 -0.32 -0.50 -0.71
2001 -0.83 -0.82 -0.72 -0.54 -0.32 -0.08 0.12 0.25 0.30 0.25 0.18 0.07
2002 0.13 0.30 0.47 0.49 0.47 0.59 0.73 0.93 1.07 1.26 1.43 1.51
2003 1.47 1.33 1.14 0.80 0.34 0.04 -0.01 0.09 0.18 0.31 0.45 0.53
2004 0.47 0.39 0.27 0.21 0.22 0.30 0.46 0.63 0.84 0.91 0.89 0.83
2005 0.78 0.73 0.68 0.58 0.46 0.36 0.28 0.18 0.10 0.09 0.02 -0.13
2006 -0.50 -0.77 -0.79 -0.54 -0.20 0.04 0.19 0.38 0.58 0.77 0.95 1.07
2007 1.00 0.74 0.38 0.14 -0.03 -0.06 -0.10 -0.19 -0.49 -0.85 -1.23 -1.47
2008 -1.69 -1.84 -1.81 -1.57 -1.27 -1.01 -0.72 -0.46 -0.37 -0.38 -0.48 -0.65
2009 -0.86 -0.93 -0.76 -0.48 -0.17 0.13 0.39 0.56 0.71 0.86 1.17 1.47
2010 1.70 1.69 1.56 1.23 0.67 0.00 -0.61 -1.07 -1.45 -1.68 -1.76 -1.77
2011 -1.78 -1.63 -1.34 -0.95 -0.67 -0.47 -0.36 -0.44 -0.60 -0.82 -0.88 -0.97
2012 -1.09 -1.18 -1.04 -0.71 -0.40 -0.20 -0.01 0.26 0.45 0.50 0.40 0.26
2013 0.06 -0.11 -0.22 -0.20 -0.16 -0.09 -0.07 -0.11 -0.13 -0.17 -0.09 -0.08
2014 -0.13 -0.21 -0.07 0.21 0.48 0.52 0.40 0.23 0.22 0.35 0.54 0.66
2015 0.72 0.75 0.86 1.02 1.15 1.21 1.27 1.38 1.55 1.74 1.99 2.21
2016 2.33 2.27 1.96 1.41 0.75 0.16 -0.17 -0.42 -0.56 -0.69 -0.73 -0.68
2017 -0.55 -0.37 -0.20 -0.04 0.15 0.29 0.41 0.30 0.06 -0.23 -0.42 -0.62
2018 -0.71 -0.71 -0.57 -0.38 -0.17 0.02 0.16 0.25 0.33 0.51 0.72 0.90
2019 0.89 0.89 0.90 0.93 0.87 0.83 0.80 0.67 0.45 0.43 0.50 0.66
2020 0.68 0.75 0.77 0.68 0.36 0.05 -0.13 -0.29 -0.45 -0.78 -0.98 -1.20
2021 -1.30 -1.29 -1.10 -0.73 -0.36 -0.13 -0.10 -0.20 -0.39 -0.62 -0.79 -0.90
2022 -0.84 -0.70 -0.67 -0.73 -0.82 -0.74 -0.74 -0.83 -0.93 -0.98 -0.98 -0.98
2023 -0.90 -0.71 -0.44 -0.09 0.23 0.51 0.73 1.00 1.23 1.46 1.67 1.83
