1980 1.26 0.68 0.73 1.17 1.76 1.97 1.39 1.33 1.28 1.40 1.37 1.53
1981 1.40 1.49 1.89 2.25 1.88 0.92 0.37 0.24 0.44 0.66 0.73 0.63
1982 0.63 1.09 1.76 2.24 2.27 1.86 1.64 1.96 2.81 3.12 2.72 1.22
1983 -0.96 -2.71 -3.22 -2.27 -1.56 -1.43 -2.11 -3.23 -4.49 -5.32 -5.24 -4.09
1984 -2.85 -2.29 -2.51 -2.81 -2.94 -2.91 -2.53 -2.23 -1.75 -1.74 -1.06 -0.49
1985 0.09 0.34 0.29 0.65 1.06 1.48 1.54 1.45 1.07 0.59 0.31 0.53
1986 0.82 1.24 1.37 1.24 1.18 1.40 1.76 1.94 1.72 1.86 1.48 1.88
1987 1.95 1.16 0.34 -0.84 -0.47 -0.91 -1.12 -1.54 -1.73 -1.55 -1.72 -1.90
1988 -1.64 -1.70 -1.81 -2.58 -2.48 -2.08 -1.40 -1.18 -1.59 -2.16 -2.42 -1.91
1989 -1.19 -0.60 -0.06 0.45 1.09 1.27 1.10 0.87 0.91 0.99 0.87 1.22
1990 1.72 2.62 2.95 2.82 1.70 0.71 0.41 0.60 1.08 1.31 1.57 1.86
1991 2.05 2.00 1.52 1.22 1.16 1.14 1.10 1.06 1.43 1.89 2.24 2.29
1992 2.27 2.16 1.27 0.02 -0.83 -0.91 -0.77 -0.79 -0.77 -0.80 -0.43 -0.00
1993 0.71 1.01 1.16 0.90 0.38 -0.53 -1.17 -1.21 -0.70 -0.51 -0.51 -0.78
1994 -0.70 -0.82 -0.85 -0.86 -0.58 -0.29 0.07 0.48 0.89 1.31 1.24 0.99
1995 0.76 0.38 -0.13 -0.81 -0.78 -0.38 -0.14 -0.34 -0.84 -1.06 -1.13 -0.62
1996 -0.27 0.20 0.36 0.31 0.20 0.30 0.37 0.53 0.37 0.46 0.30 0.45
1997 0.99 1.74 2.31 2.98 3.53 3.85 2.86 2.09 1.73 2.02 1.25 -0.77
1998 -2.97 -4.17 -4.30 -4.06 -3.99 -3.92 -4.05 -4.34 -4.67 -4.76 -4.35 -3.55
1999 -2.81 -2.50 -2.53 -2.44 -2.06 -1.38 -0.99 -0.83 -1.11 -1.40 -1.66 -1.65
2000 -1.39 -0.80 -0.72 -0.61 -0.69 -0.35 -0.22 -0.09 0.06 0.14 0.23 0.01
2001 -0.01 -0.47 -0.48 -0.33 0.05 0.35 0.78 1.28 1.80 1.71 1.57 1.30
2002 1.70 1.84 1.65 0.88 0.41 0.34 0.80 1.58 2.40 3.06 2.98 2.56
2003 1.59 0.90 0.10 -0.38 -0.54 0.19 0.81 1.15 0.86 0.48 0.55 0.37
2004 0.63 0.53 0.54 0.65 0.70 0.83 1.43 1.75 2.33 1.81 1.99 1.82
2005 1.76 1.75 2.05 1.73 0.99 0.05 -0.24 -0.35 -0.40 -0.40 -0.57 -0.68
2006 -0.80 -0.78 -0.71 -0.35 -0.01 0.24 0.37 0.66 0.86 0.98 1.32 1.12
2007 0.33 -0.65 -1.16 -1.03 -1.08 -1.00 -1.02 -1.15 -1.10 -0.87 -0.65 -0.52
2008 -0.71 -0.59 -0.52 -0.11 0.23 0.47 0.25 -0.49 -1.33 -1.46 -1.36 -1.20
2009 -1.19 -1.10 -0.87 -0.68 -0.29 0.26 0.50 0.66 0.50 0.93 1.23 1.53
2010 1.11 1.15 0.53 -0.28 -1.50 -1.94 -1.90 -1.93 -1.98 -2.24 -2.31 -2.31
2011 -1.98 -1.22 -0.40 0.19 0.39 0.37 0.26 -0.12 -0.51 -0.90 -0.90 -0.99
2012 -1.08 -1.17 -1.11 -0.62 -0.32 0.02 -0.05 -0.37 -0.69 -0.43 0.03 0.36
2013 0.21 0.17 -0.03 -0.34 -0.82 -0.74 -0.38 0.20 0.49 0.73 1.07 1.07
2014 0.65 0.61 1.38 2.32 2.35 1.45 0.88 0.94 1.29 1.37 1.12 0.75
2015 0.48 0.63 1.46 2.26 2.52 2.24 2.19 2.20 2.09 1.87 1.20 0.40
2016 -0.54 -1.56 -2.04 -2.46 -2.41 -2.32 -2.12 -1.98 -1.83 -1.93 -1.69 -1.31
2017 -0.57 -0.18 -0.22 -0.45 -0.49 -0.60 -0.68 -0.83 -0.93 -1.18 -1.35 -1.12
2018 -0.55 0.10 0.93 1.50 2.07 2.08 2.18 2.35 2.65 2.81 2.47 1.99
2019 1.47 1.63 1.57 1.07 0.20 -0.22 0.04 0.19 0.38 0.40 0.12 0.20
2020 0.42 1.10 0.65 -0.27 -1.14 -1.10 -0.51 -0.17 -0.11 -0.39 -0.49 -0.74
2021 -1.11 -1.29 -0.72 0.04 0.61 0.43 0.35 0.26 -0.00 -0.26 -0.44 -0.44
2022 0.12 0.52 0.70 0.62 0.86 1.44 1.36 1.13 0.79 0.65 0.59 0.74
2023 0.90 0.79 0.76 0.92 1.08 1.09 0.51 -0.03 -0.57 0.07 0.90 1.16
