1980 -0.33 -0.76 -0.63 -0.04 0.45 0.70 0.30 0.46 0.57 0.57 0.50 0.60
1981 0.46 0.52 0.84 1.11 0.93 0.26 0.04 -0.03 0.03 0.22 0.21 0.13
1982 0.14 0.44 0.78 0.96 0.83 0.62 0.57 0.88 1.43 1.59 1.22 -0.06
1983 -1.44 -2.38 -2.39 -1.72 -1.10 -0.76 -0.98 -1.40 -1.93 -2.37 -2.53 -2.26
1984 -1.93 -1.74 -1.73 -1.69 -1.60 -1.50 -1.35 -1.32 -1.28 -1.28 -0.76 -0.29
1985 0.04 -0.05 -0.15 0.12 0.40 0.65 0.70 0.55 0.22 -0.07 -0.09 0.18
1986 0.26 0.51 0.57 0.48 0.50 0.48 0.55 0.39 0.21 0.33 0.02 0.32
1987 0.18 -0.23 -0.89 -1.37 -1.03 -1.03 -0.98 -1.13 -1.20 -1.25 -1.43 -1.63
1988 -1.66 -1.75 -1.73 -1.81 -1.44 -1.07 -0.65 -0.64 -0.93 -1.22 -1.03 -0.66
1989 0.05 0.35 0.62 0.46 0.51 0.45 0.29 -0.09 -0.01 -0.03 0.27 0.91
1990 1.42 2.14 1.82 1.51 0.45 0.02 0.00 0.17 0.30 0.25 0.36 1.03
1991 1.15 0.93 0.09 0.06 0.31 0.50 0.49 0.46 0.68 0.88 0.79 0.58
1992 0.15 0.09 -0.33 -0.63 -0.78 -0.68 -0.42 -0.34 -0.19 -0.20 -0.02 -0.03
1993 0.07 -0.16 -0.20 -0.23 -0.23 -0.50 -0.69 -0.55 -0.32 -0.29 -0.52 -0.76
1994 -0.67 -0.71 -0.66 -0.67 -0.38 -0.14 0.05 0.24 0.53 0.65 0.39 0.06
1995 -0.05 -0.16 -0.43 -0.68 -0.51 -0.08 0.14 0.10 -0.19 -0.34 -0.35 -0.10
1996 0.18 0.50 0.69 0.51 0.30 0.22 0.20 0.18 0.06 0.24 0.37 0.69
1997 1.43 1.88 2.40 2.53 2.42 1.81 0.76 0.51 0.64 0.87 0.35 -0.96
1998 -2.13 -2.76 -2.61 -2.28 -1.95 -1.68 -1.60 -1.69 -1.93 -2.09 -2.12 -1.70
1999 -1.24 -0.91 -0.88 -0.94 -0.85 -0.67 -0.56 -0.52 -0.60 -0.69 -0.75 -0.50
2000 -0.09 0.40 0.29 0.16 -0.09 -0.07 -0.12 -0.15 -0.08 -0.05 0.21 0.18
2001 0.29 -0.10 -0.10 -0.12 0.12 0.21 0.39 0.46 0.74 0.60 0.69 0.83
2002 1.37 1.12 0.60 -0.05 0.05 0.17 0.49 0.81 1.33 1.81 1.68 1.17
2003 0.28 -0.17 -0.60 -0.64 -0.50 0.13 0.44 0.69 0.48 0.24 0.22 0.08
2004 0.48 0.26 0.29 0.32 0.42 0.58 0.79 0.99 1.20 0.84 0.93 0.91
2005 0.78 0.95 1.15 1.14 0.69 0.20 0.17 0.14 0.08 0.04 -0.06 -0.14
2006 -0.10 -0.05 0.12 0.18 0.33 0.44 0.62 0.77 0.79 0.79 0.84 0.48
2007 -0.09 -0.63 -0.73 -0.57 -0.46 -0.29 -0.24 -0.34 -0.37 -0.16 0.20 0.53
2008 0.64 0.84 0.98 1.07 0.90 0.71 0.34 -0.19 -0.67 -0.75 -0.81 -0.77
2009 -0.51 -0.26 -0.05 -0.11 0.03 0.22 0.22 0.30 0.27 0.56 0.54 0.41
2010 -0.20 -0.28 -0.60 -0.72 -1.09 -0.96 -0.81 -0.79 -0.75 -0.70 -0.53 -0.50
2011 -0.14 0.41 0.95 1.07 1.00 0.80 0.64 0.32 0.04 -0.05 0.17 0.34
2012 0.43 0.50 0.48 0.54 0.29 0.23 -0.00 -0.20 -0.41 -0.27 -0.16 -0.01
2013 0.12 0.37 0.25 -0.13 -0.50 -0.35 -0.21 0.03 0.13 0.54 0.98 0.96
2014 0.75 0.99 1.94 2.23 1.60 0.53 0.29 0.65 0.88 0.93 0.67 0.41
2015 0.17 0.39 1.05 1.36 1.25 0.90 1.01 1.09 1.16 1.04 0.53 0.02
2016 -0.67 -1.16 -1.37 -1.38 -1.12 -0.86 -0.61 -0.47 -0.41 -0.51 -0.40 -0.28
2017 0.11 0.24 0.16 -0.04 -0.15 -0.18 -0.24 -0.35 -0.48 -0.65 -0.58 -0.17
2018 0.27 0.74 1.23 1.56 1.56 1.18 1.11 1.50 1.98 2.22 1.81 1.28
2019 0.91 0.92 0.76 0.32 -0.12 -0.15 0.16 0.39 0.68 0.59 0.30 0.12
2020 0.17 0.32 -0.11 -0.50 -0.64 -0.33 -0.04 0.09 0.15 0.29 0.51 0.48
2021 0.03 -0.29 -0.13 0.16 0.27 0.01 -0.09 -0.07 -0.12 0.11 0.27 0.62
2022 1.16 1.17 1.06 0.70 0.72 0.81 0.52 0.67 0.98 1.39 1.60 1.65
2023 1.65 1.17 0.80 0.58 0.66 0.61 0.20 -0.13 -0.54 -0.31 0.04 -0.13
