1980 1.35 1.13 1.20 1.39 1.84 2.03 1.75 1.43 1.06 1.01 0.96 1.09
1981 1.07 1.17 1.52 1.90 1.77 1.08 0.52 0.24 0.36 0.43 0.46 0.36
1982 0.39 0.74 1.32 1.81 2.14 2.05 1.90 1.99 2.38 2.63 2.39 1.60
1983 -0.09 -1.72 -2.51 -1.90 -1.46 -1.66 -2.60 -3.82 -4.97 -5.52 -4.95 -3.55
1984 -2.24 -1.88 -2.26 -2.65 -2.93 -2.98 -2.50 -1.77 -0.95 -0.99 -0.81 -0.69
1985 -0.36 -0.12 -0.17 0.14 0.61 1.15 1.24 1.15 0.87 0.60 0.35 0.43
1986 0.63 0.89 1.07 1.02 1.05 1.35 1.78 2.04 1.85 1.85 1.67 1.85
1987 1.98 1.60 1.43 0.65 0.65 -0.14 -0.78 -1.20 -1.22 -0.70 -0.67 -0.69
1988 -0.42 -0.61 -1.05 -2.13 -2.38 -2.27 -1.65 -1.33 -1.49 -2.12 -2.63 -2.42
1989 -1.88 -1.33 -0.79 -0.14 0.66 1.11 1.27 1.20 1.11 0.90 0.57 0.59
1990 0.85 1.53 2.10 2.31 1.86 1.19 0.97 1.05 1.37 1.49 1.52 1.49
1991 1.49 1.56 1.42 1.38 1.34 1.38 1.33 1.25 1.37 1.56 1.78 1.88
1992 2.04 2.13 1.62 0.69 -0.25 -0.69 -0.89 -0.98 -0.90 -0.77 -0.38 0.03
1993 0.57 0.92 1.18 1.15 0.81 -0.12 -0.87 -1.04 -0.43 -0.04 0.24 0.03
1994 -0.02 -0.28 -0.36 -0.39 -0.21 -0.01 0.26 0.57 0.93 1.30 1.33 1.24
1995 1.24 1.03 0.56 -0.23 -0.48 -0.26 -0.07 -0.36 -0.94 -1.29 -1.32 -1.04
1996 -0.71 -0.42 -0.19 -0.13 0.03 0.39 0.58 0.64 0.30 0.25 0.03 0.07
1997 0.31 0.88 1.29 1.97 2.54 3.13 2.67 2.17 1.76 1.83 1.34 -0.04
1998 -1.78 -2.91 -3.37 -3.54 -4.01 -4.43 -4.86 -5.14 -5.14 -4.87 -4.30 -3.63
1999 -3.03 -2.79 -2.83 -2.82 -2.40 -1.56 -0.98 -0.85 -1.25 -1.53 -1.73 -1.82
2000 -1.76 -1.37 -1.26 -1.19 -1.20 -0.77 -0.38 -0.08 0.11 0.20 0.08 -0.23
2001 -0.36 -0.58 -0.55 -0.42 -0.11 0.30 0.91 1.41 1.70 1.38 1.11 0.81
2002 0.99 1.29 1.41 1.26 0.94 0.87 1.11 1.65 2.21 2.56 2.54 2.28
2003 1.74 1.29 0.71 0.10 -0.31 0.16 0.83 1.19 0.86 0.55 0.62 0.61
2004 0.70 0.74 0.70 0.78 0.73 0.92 1.59 1.89 2.21 1.72 1.65 1.51
2005 1.51 1.64 2.03 1.81 1.15 0.25 -0.26 -0.39 -0.39 -0.24 -0.29 -0.35
2006 -0.63 -0.81 -0.91 -0.52 -0.05 0.20 0.25 0.55 0.96 1.28 1.48 1.38
2007 0.80 0.11 -0.51 -0.72 -1.06 -1.21 -1.33 -1.26 -1.09 -0.91 -1.01 -1.12
2008 -1.37 -1.39 -1.36 -0.95 -0.48 -0.11 -0.13 -0.63 -1.24 -1.20 -0.92 -0.84
2009 -1.04 -1.14 -1.02 -0.82 -0.47 0.16 0.49 0.75 0.77 1.22 1.57 1.90
2010 1.84 2.03 1.61 0.61 -0.84 -1.77 -1.85 -1.99 -2.17 -2.64 -2.71 -2.53
2011 -2.25 -1.66 -0.99 -0.27 0.01 -0.03 -0.27 -0.63 -0.92 -1.24 -1.23 -1.27
2012 -1.36 -1.51 -1.56 -1.05 -0.62 -0.23 -0.26 -0.34 -0.30 0.11 0.52 0.67
2013 0.35 0.09 -0.19 -0.42 -0.78 -0.71 -0.21 0.38 0.63 0.60 0.66 0.67
2014 0.38 0.31 0.83 1.68 2.11 1.63 1.03 0.77 0.97 1.16 1.15 1.00
2015 0.89 0.95 1.48 2.21 2.66 2.61 2.45 2.35 2.27 2.22 1.80 1.18
2016 0.48 -0.53 -1.23 -2.04 -2.38 -2.64 -2.60 -2.33 -1.92 -1.80 -1.58 -1.25
2017 -0.67 -0.29 -0.36 -0.52 -0.47 -0.41 -0.40 -0.56 -0.73 -1.02 -1.26 -1.21
2018 -0.81 -0.34 0.34 0.93 1.69 2.09 2.26 2.09 1.95 1.90 1.81 1.66
2019 1.40 1.54 1.67 1.36 0.65 0.05 0.01 -0.01 0.10 0.32 0.38 0.58
2020 0.77 1.36 1.21 0.43 -0.60 -0.91 -0.43 -0.12 -0.21 -0.74 -0.97 -1.20
2021 -1.37 -1.49 -1.02 -0.31 0.49 0.67 0.75 0.42 -0.07 -0.61 -0.79 -0.83
2022 -0.42 -0.01 0.16 0.25 0.57 1.30 1.36 0.87 0.21 -0.16 -0.19 -0.09
2023 0.03 0.06 0.24 0.63 0.87 0.95 0.44 0.18 0.11 0.86 1.47 1.68
